platformPoolCount,9
definePlatformPool,Set1WoodBlock,30
definePlatformPool,Set1Spring,20
definePlatformPool,Set1Spinner,20
definePlatformPool,Set1Plank,100
definePlatformPool,Set1Wall,50
definePlatformPool,Coin,20
definePlatformPool,CoinPlus,5
definePlatformPool,Set1Spike,200
definePlatformPool,Set1EndBox,1
introPlatform,1,-0.01,-0.98,5.64,0,0,0,0
introPlatform,3,-0.07,-1.49,5.64,0,0,0,0
introPlatform,0,-1.09,0,20.04,0,0,0,0
introPlatform,0,-2.11,0,30.7,0,0,0,0
introPlatform,0,0,0,41.4,0,0,0,0.75
platform,0,-2,0,0,0,0,0.8833332
platform,0,-3,0,0,0,0,0.8916671
platform,0,2,0,0,0,0,0.8916664
platform,0,3,0,0,0,0,0.8916664
platform,0,0,0,0,0,0,0.8916671
platform,0,-3,0,0,0,0,0.8833332
platform,0,2.51,0,0,0,0,0.8916664
platform,0,-2.55,0,0,0,0,0.8916664
platform,0,2.53,0,0,0,0,0.8916677
platform,0,0,0,0,0,0,0.9708328
platform,3,0.36,0,0,0,0,0.3166669
platform,3,0.36,0,0,0,0,0.3416659
platform,3,0.36,0,0,0,0,0.1666667
platform,3,2.66,0,0,0,0,0.1825002
platform,3,1.86,0,0,0,0,0.08333334
platform,1,4.86,0.56,39.99999,270,0,0.1825002
platform,5,3.42,2.66,90,0,0,0.1983325
platform,5,1.92,3.43,90,0,0,0.2258339
platform,5,0.32,2.66,90,0,0,0.340833
platform,7,-0.22,0.76,270,0,0,0
platform,7,-2.32,0.76,270,0,0,0
platform,7,0.28,0.76,270,0,0,0
platform,7,-1.79,0.76,270,0,0,0.05583318
platform,7,-1.79,0.76,270,0,0,0
platform,7,0.28,0.76,270,0,0,0
platform,7,-0.22,0.76,270,0,0,0
platform,7,-2.32,0.76,270,0,0,0.04497528
platform,3,-1,0,0,0,0,0.01752472
platform,7,0.28,0.76,270,0,0,0
platform,7,-2.32,0.76,270,0,0,0
platform,7,-1.79,0.76,270,0,0,0
platform,7,-0.22,0.76,270,0,0,0.05666733
platform,7,-1.79,0.76,270,0,0,0
platform,7,-0.22,0.76,270,0,0,0
platform,7,-2.32,0.76,270,0,0,0
platform,7,0.28,0.76,270,0,0,0.242499
platform,3,-1,0,0,0,0,0.3416544
platform,3,-1,0,0,0,0,0.1666667
platform,3,-3,0,0,0,0,0.1833293
platform,3,-2.2,0,0,0,0,0.08333334
platform,1,-5.2,0.56,39.99999,90,0,0.1991832
platform,5,-3.46,2.66,90,0,0,0.2125003
platform,5,-1.75,3.43,90,0,0,0.2125003
platform,5,-0.06,2.66,90,0,0,0.2866669
platform,7,1.78,0.76,270,0,0,0
platform,7,-0.82,0.76,270,0,0,0
platform,7,-0.29,0.76,270,0,0,0
platform,7,1.28,0.76,270,0,0,0.05833308
platform,7,1.78,0.76,270,0,0,0
platform,7,-0.82,0.76,270,0,0,0
platform,7,1.28,0.76,270,0,0,0
platform,7,-0.29,0.76,270,0,0,0.05748876
platform,3,0.46,0,0,0,0,0.0008443196
platform,7,-0.82,0.76,270,0,0,0
platform,7,1.78,0.76,270,0,0,0
platform,7,1.28,0.76,270,0,0,0
platform,7,-0.29,0.76,270,0,0,0.05833435
platform,7,-0.82,0.76,270,0,0,0
platform,7,1.28,0.76,270,0,0,0
platform,7,-0.29,0.76,270,0,0,0
platform,7,1.78,0.76,270,0,0,0.2824961
platform,3,0.46,0,0,0,0,0.3333333
platform,3,0.46,0,0,0,0,0.3333333
platform,3,0.46,0,0,0,0,0.25
platform,1,-0.64,0.166,0,0,0,0
platform,1,1.46,0.166,0,0,0,1.262004
platform,0,0,0,0,0,0,0.7750041
platform,0,0.94,1,0,0,0,0.7916667
platform,0,-1.06,2,0,0,0,1.124166
platform,3,-0.07,-1.49,0,0,0,0
platform,1,-0.01,-0.98,0,0,0,0.1424967
platform,5,1,0.86,90,0,0,0.1508382
platform,5,2,2.07,90,0,0,0.2158203
platform,5,1,3.38,90,0,0,0.2808431
platform,7,-1.51,2.86,270.0198,0,0,0
platform,7,1.41,2.86,270.0198,0,0,0.09165446
platform,3,0,2.1,0,0,0,0.07501221
platform,7,-1.51,2.86,270.0198,0,0,0
platform,7,1.41,2.86,270.0198,0,0,0.1749878
platform,7,-1.51,2.86,270.0198,0,0,0
platform,7,1.41,2.86,270.0198,0,0,0.0916748
platform,3,0,2.1,0,0,0,0.07499186
platform,7,1.41,2.86,270.0198,0,0,0
platform,7,-1.51,2.86,270.0198,0,0,0.7541707
platform,3,-2.84,-1.49,0,0,0,0
platform,1,-2.78,-0.98,0,0,0,0.6916707
platform,7,-1.56,2.9,270.0198,0,0,0
platform,7,1.36,2.9,270.0198,0,0,0.08333334
platform,3,-0.09,2.1,0,0,0,0.08333334
platform,7,1.36,2.9,270.0198,0,0,0
platform,7,-1.56,2.9,270.0198,0,0,0.1750081
platform,7,-1.56,2.9,270.0198,0,0,0
platform,7,1.36,2.9,270.0198,0,0,0.07499186
platform,3,-0.09,2.1,0,0,0,0.0916748
platform,7,1.36,2.9,270.0198,0,0,0
platform,7,-1.56,2.9,270.0198,0,0,0.5899861
platform,0,0,0,0,0,0,0.7750041
platform,0,1.94,1,0,0,0,0.7916667
platform,0,3.94,2,0,0,0,1.124166
platform,1,-0.01,-0.98,0,0,0,0
platform,3,-0.07,-1.49,0,0,0,0.1424967
platform,5,-0.59,0.86,90,0,0,0.1325073
platform,5,-1.36,2.07,90,0,0,0.1291707
platform,5,-0.59,3.38,90,0,0,0.3858236
platform,7,0.49,2.86,270.0198,0,0,0
platform,7,3.41,2.86,270.0198,0,0,0.0916748
platform,3,2,2.1,0,0,0,0.07499186
platform,7,0.49,2.86,270.0198,0,0,0
platform,7,3.41,2.86,270.0198,0,0,0.1750081
platform,7,0.49,2.86,270.0198,0,0,0
platform,7,3.41,2.86,270.0198,0,0,0.09165446
platform,3,2,2.1,0,0,0,0.07501221
platform,7,0.49,2.86,270.0198,0,0,0
platform,7,3.41,2.86,270.0198,0,0,0.7541504
platform,1,2.08,-0.98,0,0,0,0
platform,3,2.02,-1.49,0,0,0,0.6916707
platform,7,4.21,2.9,270.0198,0,0,0
platform,7,1.29,2.9,270.0198,0,0,0
platform,7,-3.97,2.9,270.0198,0,0,0
platform,7,-1.05,2.9,270.0198,0,0,0.08333334
platform,3,-2.5,2.1,0,0,0,0
platform,3,2.76,2.1,0,0,0,0.08333334
platform,7,-1.05,2.9,270.0198,0,0,0
platform,7,1.29,2.9,270.0198,0,0,0
platform,7,-3.97,2.9,270.0198,0,0,0
platform,7,4.21,2.9,270.0198,0,0,0.1750081
platform,7,1.29,2.9,270.0198,0,0,0
platform,7,4.21,2.9,270.0198,0,0,0
platform,7,-1.05,2.9,270.0198,0,0,0
platform,7,-3.97,2.9,270.0198,0,0,0.07499186
platform,3,2.76,2.1,0,0,0,0
platform,3,-2.5,2.1,0,0,0,0.0916748
platform,7,-3.97,2.9,270.0198,0,0,0
platform,7,4.21,2.9,270.0198,0,0,0
platform,7,3.7,2.9,270.0198,0,0,0
platform,7,2.52,2.9,270.0198,0,0,0
platform,7,-1.05,2.9,270.0198,0,0,0
platform,7,1.91,2.9,270.0198,0,0,0
platform,7,1.29,2.9,270.0198,0,0,0
platform,7,3.16,2.9,270.0198,0,0,0.6066691
platform,0,-2.16,0,0,0,0,0.7750041
platform,0,1.09,1,0,0,0,0.7916667
platform,0,-2.38,2,0,0,0,1.124166
platform,1,-0.01,-0.98,0,0,0,0
platform,3,-0.07,-1.49,0,0,0,0.1424967
platform,5,1,0.86,90,0,0,0.1508382
platform,5,2,2.07,90,0,0,0.2158203
platform,5,1,3.38,90,0,0,0.2808431
platform,7,-1.51,2.86,270.0198,0,0,0
platform,7,1.41,2.86,270.0198,0,0,0.09165446
platform,3,0,2.1,0,0,0,0.07501221
platform,7,1.41,2.86,270.0198,0,0,0
platform,7,-1.51,2.86,270.0198,0,0,0.1749878
platform,7,-1.51,2.86,270.0198,0,0,0
platform,7,1.41,2.86,270.0198,0,0,0.0916748
platform,3,0,2.1,0,0,0,0.07499186
platform,7,1.41,2.86,270.0198,0,0,0
platform,7,-1.51,2.86,270.0198,0,0,0.7541707
platform,1,0.01,-0.98,0,0,0,0
platform,3,-0.05,-1.49,0,0,0,0.6916707
platform,7,-4.3,2.9,270.0198,0,0,0
platform,7,-1.38,2.9,270.0198,0,0,0.008321126
platform,7,4.21,2.9,270.0198,0,0,0
platform,7,1.29,2.9,270.0198,0,0,0.07501221
platform,3,-2.83,2.1,0,0,0,0.008321126
platform,3,2.76,2.1,0,0,0,0.07501221
platform,7,-4.3,2.9,270.0198,0,0,0
platform,7,-1.38,2.9,270.0198,0,0,0.008321126
platform,7,4.21,2.9,270.0198,0,0,0
platform,7,1.29,2.9,270.0198,0,0,0.1666667
platform,7,-1.38,2.9,270.0198,0,0,0
platform,7,-4.3,2.9,270.0198,0,0,0.008341472
platform,7,1.29,2.9,270.0198,0,0,0
platform,7,4.21,2.9,270.0198,0,0,0.06667074
platform,3,-2.83,2.1,0,0,0,0.008321126
platform,3,2.76,2.1,0,0,0,0.08333334
platform,7,-1.38,2.9,270.0198,0,0,0
platform,7,-4.3,2.9,270.0198,0,0,0.008341472
platform,7,1.91,2.9,270.0198,0,0,0
platform,7,4.21,2.9,270.0198,0,0,0
platform,7,1.29,2.9,270.0198,0,0,0
platform,7,3.7,2.9,270.0198,0,0,0
platform,7,3.16,2.9,270.0198,0,0,0
platform,7,2.52,2.9,270.0198,0,0,0.6310018
platform,3,1.5,-0.49,0,0,0,0
platform,3,-1.5,-0.49,0,0,0,0
platform,3,3.5,-1.49,0,0,0,0.3333333
platform,3,1.5,-0.49,0,0,0,0
platform,3,-1.5,-0.49,0,0,0,0
platform,3,3.5,-1.49,0,0,0,0.2458293
platform,7,0.4,0.275,270.0198,0,0,0
platform,7,-1.6,0.275,270.0198,0,0,0.004170736
platform,5,-0.5,0.543,90,0,0,0.08333334
platform,3,1.5,-0.49,0,0,0,0
platform,3,3.5,-1.49,0,0,0,0
platform,3,-1.5,-0.49,0,0,0,0.0791626
platform,7,-0.13,0.275,270.0198,0,0,0
platform,7,-2.13,0.275,270.0198,0,0,0.004170736
platform,5,-1.04,0.543,90,0,0,0.1624959
platform,7,-0.6,0.275,270.0198,0,0,0
platform,7,-2.6,0.275,270.0198,0,0,0.004170736
platform,5,-1.57,0.543,90,0,0,0.08333334
platform,3,-1.5,-0.49,0,0,0,0
platform,3,3.5,-1.49,0,0,0,0
platform,3,1.5,-0.49,0,0,0,0.0791626
platform,7,-1.23,0.275,270.0198,0,0,0
platform,7,-3.23,0.275,270.0198,0,0,0.004170736
platform,5,-2.11,0.543,90,0,0,0.125
platform,5,-2.43,0.543,90,0,0,0.03749593
platform,7,-3.23,0.275,270.0198,0,0,0
platform,7,-1.23,0.275,270.0198,0,0,0.08750407
platform,5,-2.41,0.543,90,0,0,0
platform,3,-1.5,-0.49,0,0,0,0
platform,3,1.5,-0.49,0,0,0,0
platform,3,3.5,-1.49,0,0,0,0.0791626
platform,7,-1.23,0.275,270.0198,0,0,0
platform,7,-3.23,0.275,270.0198,0,0,0.08750407
platform,5,-2.2,0.543,90,0,0,0.0791626
platform,7,-3.08,0.275,270.0198,0,0,0
platform,7,-1.08,0.275,270.0198,0,0,0.08750407
platform,3,1.5,-0.49,0,0,0,0
platform,5,-1.78,0.543,90,0,0,0
platform,3,3.5,-1.49,0,0,0,0
platform,3,-1.5,-0.49,0,0,0,0.0791626
platform,7,-0.63,0.275,270.0198,0,0,0
platform,7,-2.63,0.275,270.0198,0,0,0.08750407
platform,5,-1.25,0.543,90,0,0,0.0791626
platform,7,0.08,0.275,270.0198,0,0,0
platform,7,-1.92,0.275,270.0198,0,0,0.08750407
platform,3,1.5,-0.49,0,0,0,0
platform,3,-1.5,-0.49,0,0,0,0
platform,3,3.5,-1.49,0,0,0,0
platform,5,-0.57,0.543,90,0,0,0.0791626
platform,7,-1.3,0.275,270.0198,0,0,0
platform,7,0.7,0.275,270.0198,0,0,0.08750407
platform,5,0.11,0.543,90,180,0,0.0791626
platform,7,-0.55,0.275,270.0198,0,0,0
platform,7,1.45,0.275,270.0198,0,0,0.08750407
platform,3,1.5,-0.49,0,0,0,0
platform,3,3.5,-1.49,0,0,0,0
platform,5,0.87,0.543,90,180,0,0
platform,3,-1.5,-0.49,0,0,0,0.0791626
platform,7,2.35,0.275,270.0198,0,0,0
platform,7,0.35,0.275,270.0198,0,0,0.08750407
platform,5,1.81,0.543,90,180,0,0.0791626
platform,7,3.06,0.275,270.0198,0,0,0
platform,7,1.06,0.275,270.0198,0,0,0.08750407
platform,3,1.5,-0.49,0,0,0,0
platform,3,-1.5,-0.49,0,0,0,0
platform,3,3.5,-1.49,0,0,0,0
platform,5,2.42,0.543,90,180,0,0.0791626
platform,7,3.26,0.275,270.0198,0,0,0
platform,7,1.26,0.275,270.0198,0,0,0.08750407
platform,5,2.35,0.543,90,180,0,0.0791626
platform,7,3.26,0.275,270.0198,0,0,0
platform,7,1.26,0.275,270.0198,0,0,0.08750407
platform,3,3.5,-1.49,0,0,0,0
platform,3,1.5,-0.49,0,0,0,0
platform,5,2.12,0.543,90,180,0,0
platform,3,-1.5,-0.49,0,0,0,0.0791626
platform,7,0.84,0.275,270.0198,0,0,0
platform,7,2.84,0.275,270.0198,0,0,0.0458374
platform,5,1.82,0.543,90,180,0,0.1208293
platform,7,2.32,0.275,270.0198,0,0,0
platform,7,0.32,0.275,270.0198,0,0,0.004170736
platform,5,1.34,0.543,90,180,0,0.08333334
platform,3,3.5,-1.49,0,0,0,0
platform,3,-1.5,-0.49,0,0,0,0
platform,3,1.5,-0.49,0,0,0,0.0791626
platform,7,-0.28,0.275,270.0198,0,0,0
platform,7,1.72,0.275,270.0198,0,0,0.004170736
platform,5,0.86,0.543,90,180,0,0.1624959
platform,7,1.38,0.275,270.0198,0,0,0
platform,7,-0.62,0.275,270.0198,0,0,0.004170736
platform,5,0.37,0.543,90,180,0,0.08333334
platform,3,1.5,-0.49,0,0,0,0
platform,3,3.5,-1.02,345,0,0,0
platform,3,-1.5,-0.49,0,0,0,0.3333333
platform,3,4.07,-0.49,0,0,0,0
platform,3,-2.22,-0.49,0,0,0,0
platform,3,1.5,-0.49,0,0,0,0.1630859
platform,7,5.51,0.29,0,180,180,0
platform,7,2.3,0.29,0,180,180,0
platform,7,-3.57,0.29,0,180,180,0
platform,7,2.77,0.29,0,180,180,0
platform,7,3.67,0.29,0,180,180,0
platform,7,-0.38,0.29,0,180,180,0
platform,7,3.22,0.29,0,180,180,0
platform,7,-3.12,0.29,0,180,180,0
platform,7,-1.73,0.29,0,180,180,0
platform,7,-1.28,0.29,0,180,180,0
platform,7,-2.67,0.29,0,180,180,0
platform,7,-4.04,0.29,0,180,180,0
platform,7,4.61,0.29,0,180,180,0
platform,7,-2.2,0.29,0,180,180,0
platform,7,5.06,0.29,0,180,180,0
platform,7,-0.83,0.29,0,180,180,0
platform,7,5.96,0.29,0,180,180,0
platform,7,4.14,0.29,0,180,180,0.06107585
platform,3,4.11,-1.21,90,0,0,0
platform,3,-2.23,-1.21,90,0,0,0.02583822
platform,1,0.87,-0.223,0,0,0,1.202591
platform,0,1.01,0,0,0,0,0.8974965
platform,2,-0.2,0,0,0,0,0.1466675
platform,5,0.9,1,90,180,0,0.08666483
platform,5,1.3,1.75,90,180,0,0.100001
platform,5,1.7,2.5,90,180,0,0.5500031
platform,2,-0.2,0,0,0,0,0.1141663
platform,5,-1.42,1,90,180,0,0.08666483
platform,5,-1.82,1.75,90,180,0,0.100001
platform,5,-2.22,2.5,90,180,0,0.5425822
platform,0,0,0,0,0,0,0.870753
platform,0,4.03,0,0,0,0,0.8924968
platform,2,2.9,0,0,0,0,0.5850016
platform,6,-3.8,2.7,90,0,0,0.2808329
platform,0,-3.44,0,0,0,0,0.8983358
platform,2,-3.46,0,0,0,0,0.125
platform,5,-4.807,1,90,180,0,0.09166463
platform,5,-5.36,1.7,90,180,0,0.09166463
platform,5,-5.76,2.5,90,180,0,0.5583344
platform,2,-3.46,0,0,0,0,0.1441701
platform,5,-2.041,1,90,180,0,0.08999634
platform,5,-1.58,1.7,90,180,0,0.09333292
platform,5,-1.18,2.5,90,180,0,0.527832
platform,0,-3.44,0,0,0,0,0.9266663
platform,0,-4.12,0,0,0,0,0.9100037
platform,2,-3.09,0,0,0,0,0.6016642
platform,6,3.403,2.7,90,0,0,0.2891693
platform,0,3,0,0,0,0,0.9621633
platform,3,0,-1.9,0,0,0,0
platform,1,0,-1.4,0,0,0,1.023336
platform,7,3.018,0.5,290,270,90,0
platform,7,2.342,0.2,290,270,90,0.08749899
platform,3,1.8,-0.8,0,0,20,0.07916769
platform,7,2.342,0.2,290,270,90,0
platform,7,3.018,0.5,290,270,90,0.1666667
platform,7,2.342,0.2,290,270,90,0
platform,7,3.018,0.5,290,270,90,0.08749899
platform,3,1.8,-0.8,0,0,20,0.07916769
platform,7,3.018,0.5,290,270,90,0
platform,7,2.342,0.2,290,270,90,0.2541656
platform,3,1.8,-0.8,0,0,20,0.1041667
platform,7,0.938,-0.311,290,270,90,0
platform,7,0.242,-0.567,290,270,90,0.1666667
platform,7,0.242,-0.567,290,270,90,0
platform,7,0.938,-0.311,290,270,90,0.0625
platform,3,1.8,-0.8,0,0,20,0.1041667
platform,7,0.242,-0.567,290,270,90,0
platform,7,0.938,-0.311,290,270,90,0.1666667
platform,7,0.938,-0.311,290,270,90,0
platform,7,0.242,-0.567,290,270,90,0.06333414
platform,3,1.8,-0.8,0,0,20,0.2450002
platform,7,3.018,0.5,290,270,90,0
platform,7,2.342,0.2,290,270,90,0.08749899
platform,3,1.8,-0.8,0,0,20,0.07916769
platform,7,2.342,0.2,290,270,90,0
platform,7,3.018,0.5,290,270,90,0.1666667
platform,7,3.018,0.5,290,270,90,0
platform,7,2.342,0.2,290,270,90,0.08749899
platform,3,1.8,-0.8,0,0,20,0.07916769
platform,7,3.018,0.5,290,270,90,0
platform,7,2.342,0.2,290,270,90,0.2541656
platform,3,1.8,-0.8,0,0,20,0.1041667
platform,7,0.938,-0.311,290,270,90,0
platform,7,0.242,-0.567,290,270,90,0.1666667
platform,7,0.242,-0.567,290,270,90,0
platform,7,0.938,-0.311,290,270,90,0.0625
platform,3,1.8,-0.8,0,0,20,0.1041667
platform,7,0.242,-0.567,290,270,90,0
platform,7,0.938,-0.311,290,270,90,0.1666667
platform,7,0.242,-0.57,290,270,90,0
platform,7,0.938,-0.31,290,270,90,0.0625
platform,3,1.8,-0.8,0,0,20,0.3208364
platform,1,1.81,-0.41,0,0,20,0
platform,3,1.81,-0.81,0,0,20,1.121663
platform,1,-0.1129999,-0.957,0,0,0,0.008331299
platform,3,-0.0999999,-1.5,0,0,0,1.153336
platform,7,-2.27,0.16,290,90,270,0
platform,7,-3.05,0.46,290,90,270,0.125
platform,3,-1.8,-0.8,0,0,340,0.04166667
platform,7,-3.05,0.46,290,90,270,0
platform,7,-2.27,0.16,290,90,270,0.1666667
platform,7,-3.05,0.46,290,90,270,0
platform,7,-2.27,0.16,290,90,270,0.125
platform,3,-1.8,-0.8,0,0,340,0.04166667
platform,7,-3.05,0.46,290,90,270,0
platform,7,-2.27,0.16,290,90,270,0.2916667
platform,3,-1.8,-0.8,0,0,340,0.06916809
platform,7,-0.24,-0.61,290,90,270,0
platform,7,-1.02,-0.31,290,90,270,0.1666667
platform,7,-0.24,-0.61,290,90,270,0
platform,7,-1.02,-0.31,290,90,270,0.09749857
platform,3,-1.8,-0.8,0,0,340,0.06916809
platform,7,-0.24,-0.61,290,90,270,0
platform,7,-1.02,-0.31,290,90,270,0.2641653
platform,3,-1.8,-0.8,0,0,340,0.2083333
platform,7,-2.27,0.16,290,90,270,0
platform,7,-3.05,0.46,290,90,270,0.125
platform,3,-1.8,-0.8,0,0,340,0.04166667
platform,7,-2.27,0.16,290,90,270,0
platform,7,-3.05,0.46,290,90,270,0.1666667
platform,7,-2.27,0.16,290,90,270,0
platform,7,-3.05,0.46,290,90,270,0.125
platform,3,-1.8,-0.8,0,0,340,0.04166667
platform,7,-2.27,0.16,290,90,270,0
platform,7,-3.05,0.46,290,90,270,0.2916667
platform,3,-1.8,-0.8,0,0,340,0.06916809
platform,7,-0.24,-0.61,290,90,270,0
platform,7,-1.02,-0.31,290,90,270,0.1666667
platform,7,-0.24,-0.61,290,90,270,0
platform,7,-1.02,-0.31,290,90,270,0.09749857
platform,3,-1.8,-0.8,0,0,340,0.06916809
platform,7,-0.24,-0.61,290,90,270,0
platform,7,-1.02,-0.31,290,90,270,0.1666667
platform,7,-0.24,-0.61,290,90,270,0
platform,7,-1.02,-0.31,290,90,270,0.1091665
platform,3,-1.8,-0.8,0,0,340,0.3333333
platform,3,-1.8,-0.8,0,0,340,0
platform,1,-1.8,-0.4,0,0,340,1.135
platform,3,2.06,-1.5,0,0,0,0
platform,1,2.16,-1,0,0,0,1.163335
platform,2,0,0,0,0,0,0.9308319
platform,2,1.75,0,0,0,0,0.8916677
platform,2,-1.75,0,0,0,0,0.8916626
platform,2,3.25,0,0,0,0,0.8916728
platform,2,-3.25,0,0,0,0,0.8916626
platform,2,1.75,0,0,0,0,0.8916677
platform,2,-1.75,0,0,0,0,0.8916677
platform,2,0,0,0,0,0,1.012502
platform,3,-0.0999999,-1.5,0,0,0,0
platform,1,0,-1,0,0,0,1.145833
platform,7,-3.08,0.5,290,90,270,0
platform,7,-2.3,0.2,290,90,270,0.008331299
platform,7,2.342,0.2,290,270,90,0
platform,7,3.018,0.5,290,270,90,0.07500204
platform,7,-3.08,0.5,290,90,270,0
platform,7,-2.3,0.2,290,90,270,0.008331299
platform,7,2.342,0.2,290,270,90,0
platform,7,3.018,0.5,290,270,90,0.04166667
platform,3,-1.8,-0.8,0,0,340,0
platform,3,1.8,-0.8,0,0,20,0.03333537
platform,7,-2.3,0.2,290,90,270,0
platform,7,-3.08,0.5,290,90,270,0.008331299
platform,7,3.018,0.5,290,270,90,0
platform,7,2.342,0.2,290,270,90,0.07500204
platform,7,-3.08,0.5,290,90,270,0
platform,7,-2.3,0.2,290,90,270,0.008331299
platform,7,3.018,0.5,290,270,90,0
platform,7,2.342,0.2,290,270,90,0.07500204
platform,7,-3.08,0.5,290,90,270,0
platform,7,-2.3,0.2,290,90,270,0.008331299
platform,7,3.018,0.5,290,270,90,0
platform,7,2.342,0.2,290,270,90,0.07500204
platform,7,-3.08,0.5,290,90,270,0
platform,7,-2.3,0.2,290,90,270,0.008331299
platform,7,3.018,0.5,290,270,90,0
platform,7,2.342,0.2,290,270,90,0.04166667
platform,3,-1.8,-0.8,0,0,340,0
platform,3,1.8,-0.8,0,0,20,0.03333537
platform,7,-2.3,0.2,290,90,270,0
platform,7,-3.08,0.5,290,90,270,0.008331299
platform,7,2.342,0.2,290,270,90,0
platform,7,3.018,0.5,290,270,90,0.07500204
platform,7,-2.3,0.2,290,90,270,0
platform,7,-3.08,0.5,290,90,270,0.008331299
platform,7,2.342,0.2,290,270,90,0
platform,7,3.018,0.5,290,270,90,0.2083333
platform,3,1.8,-0.8,0,0,20,0
platform,3,-1.8,-0.8,0,0,340,0
platform,3,-5.400001,0.5,0,0,340,0
platform,3,5.4,0.5,0,0,20,0.3333333
platform,3,-1.8,-0.8,0,0,340,0
platform,3,1.8,-0.8,0,0,20,0
platform,3,5.4,0.5,0,0,20,0
platform,3,-5.400001,0.5,0,0,340,0.03083293
platform,7,2.22,0.2,290,270,90,0
platform,7,-1.148,-0.2,290,90,270,0
platform,7,0.454,-0.5,290,270,90,0
platform,7,-2.087,0.1,290,90,270,0
platform,7,-0.2079999,-0.6,290,90,270,0
platform,7,1.394,-0.1,290,270,90,0.08333334
platform,7,0.454,-0.5,290,270,90,0
platform,7,-1.148,-0.2,290,90,270,0
platform,7,-0.2079999,-0.6,290,90,270,0
platform,7,1.394,-0.1,290,270,90,0
platform,7,-2.087,0.1,290,90,270,0
platform,7,2.22,0.2,290,270,90,0.2024994
platform,3,5.4,0.5,0,0,20,0
platform,3,-5.400001,0.5,0,0,340,0.2533315
platform,3,5.41,0.5,0,0,20,0.09083557
platform,3,-5.400001,0.5,0,0,340,0.1591644
platform,3,3.68,-0.12,0,0,20,0
platform,3,-3.68,-0.12,0,0,340,0.1666667
platform,3,1.8,-0.8,0,0,20,0
platform,3,-1.8,-0.8,0,0,340,0.3333333
platform,3,1.8,-0.8,0,0,20,0
platform,3,-1.8,-0.8,0,0,340,0.06333414
platform,7,0.242,-0.6,290,270,90,0
platform,7,0.95,-0.34,290,270,90,0.003336589
platform,7,-1.02,-0.31,290,90,270,0
platform,7,-0.24,-0.61,290,90,270,0.1633301
platform,7,0.242,-0.6,290,270,90,0
platform,7,0.95,-0.34,290,270,90,0.003336589
platform,7,-0.24,-0.61,290,90,270,0
platform,7,-1.02,-0.31,290,90,270,0.09999593
platform,3,-1.8,-0.8,0,0,340,0
platform,3,1.8,-0.8,0,0,20,0.06333414
platform,7,0.95,-0.34,290,270,90,0
platform,7,0.242,-0.6,290,270,90,0.003336589
platform,7,-1.02,-0.31,290,90,270,0
platform,7,-0.24,-0.61,290,90,270,0.1633301
platform,7,0.95,-0.34,290,270,90,0
platform,7,0.242,-0.6,290,270,90,0.003336589
platform,7,-1.02,-0.31,290,90,270,0
platform,7,-0.24,-0.61,290,90,270,0.09999593
platform,3,1.8,-0.8,0,0,20,0
platform,3,-1.8,-0.8,0,0,340,0.2050018
platform,7,3.03,0.46,290,270,90,0
platform,7,2.35,0.19,290,270,90,0.003331502
platform,7,-2.27,0.16,290,90,270,0
platform,7,-3.05,0.46,290,90,270,0.125
platform,3,1.8,-0.8,0,0,20,0
platform,3,-1.8,-0.8,0,0,340,0.03833516
platform,7,3.03,0.46,290,270,90,0
platform,7,2.35,0.19,290,270,90,0.003331502
platform,7,-3.05,0.46,290,90,270,0
platform,7,-2.27,0.16,290,90,270,0.1633352
platform,7,2.35,0.19,290,270,90,0
platform,7,3.03,0.46,290,270,90,0.003331502
platform,7,-3.05,0.46,290,90,270,0
platform,7,-2.27,0.16,290,90,270,0.125
platform,3,1.8,-0.8,0,0,20,0
platform,3,-1.8,-0.8,0,0,340,0.03833516
platform,7,3.03,0.46,290,270,90,0
platform,7,2.35,0.19,290,270,90,0.003331502
platform,7,-3.05,0.46,290,90,270,0
platform,7,-2.27,0.16,290,90,270,0.2916667
platform,3,1.8,-0.8,0,0,20,0
platform,3,-1.8,-0.8,0,0,340,0.06583659
platform,7,0.242,-0.6,290,270,90,0
platform,7,0.94,-0.305,290,270,90,0.0008341472
platform,7,-0.24,-0.61,290,90,270,0
platform,7,-1.02,-0.31,290,90,270,0.1658325
platform,7,0.94,-0.305,290,270,90,0
platform,7,0.242,-0.6,290,270,90,0.0008341472
platform,7,-1.02,-0.31,290,90,270,0
platform,7,-0.24,-0.61,290,90,270,0.09999593
platform,3,1.8,-0.8,0,0,20,0
platform,3,-1.8,-0.8,0,0,340,0.06583659
platform,7,0.242,-0.6,290,270,90,0
platform,7,0.94,-0.305,290,270,90,0.0008341472
platform,7,-0.24,-0.61,290,90,270,0
platform,7,-1.02,-0.31,290,90,270,0.1658325
platform,7,0.94,-0.305,290,270,90,0
platform,7,0.242,-0.6,290,270,90,0.0008341472
platform,7,-0.24,-0.61,290,90,270,0
platform,7,-1.02,-0.31,290,90,270,0.1083272
platform,3,1.8,-0.8,0,0,20,0
platform,3,-1.8,-0.8,0,0,340,0.2875061
platform,3,1.81,-0.8,0,0,20,0
platform,1,1.81,-0.4,0,0,20,0
platform,1,-1.8,-0.4,0,0,340,0
platform,3,-1.8,-0.8,0,0,340,1.062744
platform,3,-3.5,-1.49,0,0,0,0
platform,3,1.5,-0.49,0,0,0,0
platform,3,-1.5,-0.49,0,0,0,0.3333333
platform,3,-1.5,-0.49,0,0,0,0
platform,3,1.5,-0.49,0,0,0,0
platform,3,-3.5,-1.49,0,0,0,0.2416687
platform,7,-0.89,0.275,270.0198,0,0,0
platform,7,1.11,0.275,270.0198,0,0,0.008331299
platform,5,0.21,0.543,90,0,0,0.08333334
platform,3,1.5,-0.49,0,0,0,0
platform,3,-3.5,-1.49,0,0,0,0
platform,3,-1.5,-0.49,0,0,0,0.07500204
platform,7,1.87,0.275,270.0198,0,0,0
platform,7,-0.13,0.275,270.0198,0,0,0.008331299
platform,5,1.04,0.543,90,0,0,0.1583354
platform,7,0.65,0.275,270.0198,0,0,0
platform,7,2.65,0.275,270.0198,0,0,0.008331299
platform,5,1.57,0.543,90,0,0,0.08333334
platform,3,-1.5,-0.49,0,0,0,0
platform,3,-3.5,-1.49,0,0,0,0
platform,3,1.5,-0.49,0,0,0,0.07500204
platform,7,1.24,0.275,270.0198,0,0,0
platform,7,3.12,0.275,270.0198,0,0,0.008331299
platform,5,2.11,0.543,90,0,0,0.125
platform,5,2.41,0.543,90,0,0,0.03333537
platform,7,3.12,0.275,270.0198,0,0,0
platform,7,1.4,0.275,270.0198,0,0,0.09166463
platform,5,2.41,0.543,90,0,0,0
platform,3,-3.5,-1.49,0,0,0,0
platform,3,-1.5,-0.49,0,0,0,0
platform,3,1.5,-0.49,0,0,0,0.07500204
platform,7,1.4,0.275,270.0198,0,0,0
platform,7,3.12,0.275,270.0198,0,0,0.09166463
platform,5,2.2,0.543,90,0,0,0.07500204
platform,7,3.21,0.275,270.0198,0,0,0
platform,7,1.21,0.275,270.0198,0,0,0.09166463
platform,3,-1.5,-0.49,0,0,0,0
platform,3,-3.5,-1.49,0,0,0,0
platform,5,1.78,0.543,90,0,0,0
platform,3,1.5,-0.49,0,0,0,0.07500204
platform,7,0.62,0.275,270.0198,0,0,0
platform,7,2.62,0.275,270.0198,0,0,0.09166463
platform,5,1.25,0.543,90,0,0,0.07500204
platform,7,1.99,0.275,270.0198,0,0,0
platform,7,-0.01,0.275,270.0198,0,0,0.09166463
platform,3,1.5,-0.49,0,0,0,0
platform,3,-1.5,-0.49,0,0,0,0
platform,3,-3.5,-1.49,0,0,0,0
platform,5,0.57,0.543,90,0,0,0.07500204
platform,7,-0.59,0.275,270.0198,0,0,0
platform,7,1.41,0.275,270.0198,0,0,0.09166463
platform,5,-0.11,0.543,90,180,0,0.07500204
platform,7,0.56,0.275,270.0198,0,0,0
platform,7,-1.44,0.275,270.0198,0,0,0.09166463
platform,3,-3.5,-1.49,0,0,0,0
platform,3,-1.5,-0.49,0,0,0,0
platform,3,1.5,-0.49,0,0,0,0
platform,5,-0.87,0.543,90,180,0,0.07500204
platform,7,-2.17,0.275,270.0198,0,0,0
platform,7,-0.17,0.275,270.0198,0,0,0.09166463
platform,5,-1.81,0.543,90,180,0,0.07500204
platform,7,-1.06,0.275,270.0198,0,0,0
platform,7,-3.06,0.275,270.0198,0,0,0.09166463
platform,3,-1.5,-0.49,0,0,0,0
platform,5,-2.42,0.543,90,180,0,0
platform,3,1.5,-0.49,0,0,0,0
platform,3,-3.5,-1.49,0,0,0,0.07500204
platform,7,-3.22,0.275,270.0198,0,0,0
platform,7,-1.22,0.275,270.0198,0,0,0.09166463
platform,5,-2.35,0.543,90,180,0,0.07500204
platform,7,-3.22,0.275,270.0198,0,0,0
platform,7,-1.22,0.275,270.0198,0,0,0.09166463
platform,3,1.5,-0.49,0,0,0,0
platform,5,-2.12,0.543,90,180,0,0
platform,3,-1.5,-0.49,0,0,0,0
platform,3,-3.5,-1.49,0,0,0,0.07500204
platform,7,-2.85,0.275,270.0198,0,0,0
platform,7,-0.85,0.275,270.0198,0,0,0.04999797
platform,5,-1.82,0.543,90,180,0,0.1166687
platform,7,-0.29,0.275,270.0198,0,0,0
platform,7,-2.29,0.275,270.0198,0,0,0.008331299
platform,5,-1.34,0.543,90,180,0,0.08333334
platform,3,1.5,-0.49,0,0,0,0
platform,3,-1.5,-0.49,0,0,0,0
platform,3,-3.5,-1.49,0,0,0,0.07500204
platform,7,0.34,0.275,270.0198,0,0,0
platform,7,-1.66,0.275,270.0198,0,0,0.008331299
platform,5,-0.86,0.543,90,180,0,0.1666667
platform,6,-0.358,0.543,90,0,0,0.08333334
platform,3,1.5,-0.49,0,0,0,0
platform,3,-3.5,-1.02,345,0,0,0
platform,3,-1.5,-0.49,0,0,0,0.3333333
platform,3,2.79,-0.49,0,0,0,0
platform,3,0.22,-0.49,0,0,0,0
platform,3,-3.5,-0.49,0,0,0,0.1583354
platform,7,4.68,0.29,0,180,180,0
platform,7,3.78,0.29,0,180,180,0
platform,7,-2.21,0.29,0,180,180,0
platform,7,-2.66,0.29,0,180,180,0
platform,7,-0.37,0.29,0,180,180,0
platform,7,1.49,0.29,0,180,180,0
platform,7,2.86,0.29,0,180,180,0
platform,7,-1.76,0.29,0,180,180,0
platform,7,0.08,0.29,0,180,180,0
platform,7,1.02,0.29,0,180,180,0
platform,7,1.94,0.29,0,180,180,0
platform,7,-0.82,0.29,0,180,180,0
platform,7,-1.29,0.29,0,180,180,0
platform,7,-3.13,0.29,0,180,180,0
platform,7,0.53,0.29,0,180,180,0
platform,7,3.33,0.29,0,180,180,0
platform,7,2.39,0.29,0,180,180,0
platform,7,4.23,0.29,0,180,180,0.06667074
platform,3,-1.32,-1.21,90,0,0,0
platform,3,2.83,-1.21,90,0,0,0.0249939
platform,1,-4.509,-0.223,0,0,0,0.7983297
platform,3,2.2,-0.4,0,0,0,0
platform,3,-1.87,-0.4,0,0,0,0.3500163
platform,3,-1.87,-0.4,0,0,0,0
platform,3,2.2,-0.4,0,0,0,0.3374837
platform,3,-1.87,-0.4,0,0,0,0
platform,3,2.2,-0.4,0,0,0,0.3208415
platform,3,-1.87,0.33,340,0,0,0
platform,3,2.2,0.33,340,0,0,0.5933228
platform,3,-2,-0.07,0,0,0,0
platform,3,2,-0.07,0,0,0,0.3250122
platform,3,2,0.64,340,0,0,0
platform,3,-2,0.64,340,0,0,0.4624939
platform,7,-7.3,3.379,295,90,270,0
platform,7,-6.78,3.14,295,90,270,0.1083374
platform,3,5.9,2,0,0,25,0
platform,5,-5.6,3.07,90,180,0,0.03333537
platform,3,-6.1,2,0,0,335,0.0249939
platform,7,-4.91,2.27,295,90,270,0
platform,7,-6.78,3.14,295,90,270,0
platform,7,-7.3,3.379,295,90,270,0
platform,7,-4.4,2.03,295,90,270,0.1666667
platform,7,-4.4,2.03,295,90,270,0
platform,7,-7.3,3.379,295,90,270,0
platform,7,-6.78,3.14,295,90,270,0
platform,7,-4.91,2.27,295,90,270,0.02500407
platform,5,-5.6,3.07,90,180,0,0.08333334
platform,3,5.9,2,0,0,25,0
platform,3,-6.1,2,0,0,335,0.05832927
platform,7,-7.3,3.379,295,90,270,0
platform,7,-4.91,2.27,295,90,270,0
platform,7,-6.78,3.14,295,90,270,0
platform,7,-4.4,2.03,295,90,270,0.1083374
platform,5,-5.6,3.07,90,180,0,0.05832927
platform,7,-6.78,3.14,295,90,270,0
platform,7,-4.91,2.27,295,90,270,0
platform,7,-7.3,3.38,295,90,270,0
platform,7,-4.4,2.03,295,90,270,0.1083374
platform,3,5.9,2,0,0,25,0
platform,3,-6.1,2,0,0,335,0.05832927
platform,7,-4.91,2.27,295,90,270,0
platform,7,-4.4,2.03,295,90,270,0
platform,7,-7.3,3.38,295,90,270,0
platform,7,-6.78,3.14,295,90,270,0.02500407
platform,5,-5.2,3.07,90,180,0,0.1416626
platform,7,-4.91,2.27,295,90,270,0
platform,7,-7.3,3.38,295,90,270,0
platform,7,-6.78,3.14,295,90,270,0
platform,7,-4.4,2.03,295,90,270,0.1083374
platform,3,-6.1,2,0,0,335,0
platform,3,5.9,2,0,0,25,0.001495361
platform,6,-4.518,3.072,90,0,0,0.0568339
platform,7,-6.78,3.14,295,90,270,0
platform,7,-7.3,3.38,295,90,270,0.1833394
platform,7,-4.66,1.61,295,90,270,0
platform,7,-5.2,1.86,295,90,270,0
platform,7,-2.87,0.77,295,90,270,0
platform,7,-2.4,0.55,295,90,270,0.1166585
platform,3,-4.1,0.5,0,0,335,0
platform,3,3.9,0.5,0,0,25,0.008341472
platform,5,-3.6,1.5,90,180,0,0.04166667
platform,7,-4.66,1.61,295,90,270,0
platform,7,-5.2,1.86,295,90,270,0
platform,7,-2.87,0.77,295,90,270,0
platform,7,-2.4,0.55,295,90,270,0.1666667
platform,7,-5.2,1.86,295,90,270,0
platform,7,-2.87,0.77,295,90,270,0
platform,7,-4.66,1.61,295,90,270,0
platform,7,-2.4,0.55,295,90,270,0.04166667
platform,5,-3.6,1.5,90,180,0,0.07499186
platform,3,3.9,0.5,0,0,25,0
platform,3,-4.1,0.5,0,0,335,0.05000814
platform,7,-4.66,1.61,295,90,270,0
platform,7,-2.87,0.77,295,90,270,0
platform,7,-5.2,1.86,295,90,270,0
platform,7,-2.4,0.55,295,90,270,0.125
platform,5,-3.6,1.5,90,180,0,0.0333252
platform,7,-2.87,0.77,295,90,270,0
platform,7,-2.4,0.55,295,90,270,0
platform,7,-5.2,1.86,295,90,270,0
platform,7,-4.66,1.61,295,90,270,0.125
platform,3,3.9,0.5,0,0,25,0
platform,3,-4.1,0.5,0,0,335,0.04166667
platform,7,-5.2,1.86,295,90,270,0
platform,7,-2.4,0.55,295,90,270,0
platform,7,-2.87,0.77,295,90,270,0
platform,7,-4.66,1.61,295,90,270,0.05000814
platform,5,-3.6,1.5,90,180,0,0.1166585
platform,7,-4.66,1.61,295,90,270,0
platform,7,-5.2,1.86,295,90,270,0
platform,7,-2.4,0.55,295,90,270,0
platform,7,-2.87,0.77,295,90,270,0.125
platform,3,-4.1,0.5,0,0,335,0
platform,3,3.9,0.5,0,0,25,0.008341472
platform,6,-3.614,1.478,90,0,0,0.0333252
platform,7,-2.4,0.55,295,90,270,0
platform,7,-4.66,1.61,295,90,270,0
platform,7,-5.2,1.86,295,90,270,0
platform,7,-2.87,0.77,295,90,270,0.3083394
platform,3,1.9,-1,0,0,25,0
platform,3,-2.1,-1,0,0,335,0.3333333
platform,3,1.9,-1,0,0,25,0
platform,3,-2.1,-1,0,0,335,0.3333333
platform,3,1.9,-1,0,0,25,0
platform,3,-2.1,-1,0,0,335,0.3333333
platform,3,-2.1,-1,0,0,335,0
platform,3,1.9,-1,0,0,25,0.2583313
platform,1,-2.8,-0.29,0,0,335,0
platform,1,2.7,-0.28,0,0,25,1.145833
platform,3,-0.07,-1.49,0,0,0,0
platform,1,-0.01,-0.98,0,0,0,0.681661
platform,3,0,2.1,0,0,0,0.3341675
platform,3,0,2.1,0,0,0,0.3258362
platform,3,0,1.4,20,0,0,0.3208313
platform,3,0,0,20,0,0,0.3108317
platform,3,0,-0.67,0,0,0,0.3375041
platform,3,0,-0.67,0,0,0,0.3383382
platform,3,-3.94,-0.67,0,0,0,0
platform,3,4.15,-0.67,0,0,0,0
platform,3,0,-0.67,0,0,0,0.1285095
platform,7,0.02099991,0.227,0,180,180,0
platform,7,1.394,0.227,0,180,180,0
platform,7,0.9419999,0.227,0,180,180,0
platform,7,-1.814,0.227,0,180,180,0
platform,7,1.846,0.227,0,180,180,0
platform,7,-0.441,0.227,0,180,180,0
platform,7,-1.345,0.227,0,180,180,0
platform,7,-0.8929999,0.227,0,180,180,0
platform,7,0.49,0.227,0,180,180,0.05565389
platform,5,4.19,0.49,90,0,0,0.007253011
platform,3,0,-1.278,90,0,0,0.1135763
platform,3,-3.9,0,340,0,0,0
platform,3,4.1,0,340,0,0,0.1466675
platform,5,4.19,1.71,90,0,0,0.1625061
platform,3,-3.9,1.35,340,0,0,0
platform,3,4.1,1.35,340,0,0,0.09333292
platform,5,4.19,2.87,90,0,0,0.230835
platform,3,4.1,2.01,0,0,0,0
platform,3,-3.9,2.01,0,0,0,0.3341675
platform,3,-3.9,2.01,0,0,0,0
platform,3,4.1,2.01,0,0,0,0
platform,3,0.1,2.01,0,0,0,0.3241577
platform,3,0,2.01,0,0,0,0.004170736
platform,3,4.1,2.01,0,0,0,0
platform,3,-3.9,2.01,0,0,0,0.1575012
platform,7,-0.46,2.99,0,180,180,0
platform,7,5.93,2.99,0,180,180,0
platform,7,0,2.99,0,180,180,0
platform,7,0.47,2.99,0,180,180,0
platform,7,3.19,2.99,0,180,180,0
platform,7,2.74,2.99,0,180,180,0
platform,7,4.11,2.99,0,180,180,0
platform,7,-0.92,2.99,0,180,180,0
platform,7,1.37,2.99,0,180,180,0
platform,7,3.65,2.99,0,180,180,0
platform,7,5.03,2.99,0,180,180,0
platform,7,-1.86,2.99,0,180,180,0
platform,7,1.82,2.99,0,180,180,0
platform,7,4.58,2.99,0,180,180,0
platform,7,-1.37,2.99,0,180,180,0
platform,7,5.48,2.99,0,180,180,0
platform,7,0.92,2.99,0,180,180,0
platform,7,2.27,2.99,0,180,180,0.0625
platform,3,-0.02,1.48,90,0,0,0
platform,3,4.09,1.48,90,0,0,0.1091614
platform,3,-3.9,2.01,0,0,0,0.3333333
platform,3,-3.9,1.4,20,0,0,0.3166707
platform,3,-3.9,0,20,0,0,0.3083293
platform,3,-3.9,-0.67,0,0,0,0.3416748
platform,3,-3.9,-0.67,0,0,0,0.00499471
platform,3,0,-0.67,0,0,0,0.3308309
platform,3,4.15,-0.67,0,0,0,0
platform,3,0,-0.67,0,0,0,0
platform,3,-3.94,-0.67,0,0,0,0.1283366
platform,7,-1.814,0.227,0,180,180,0
platform,7,-0.8929999,0.227,0,180,180,0
platform,7,0.9419999,0.227,0,180,180,0
platform,7,-0.441,0.227,0,180,180,0
platform,7,0.49,0.227,0,180,180,0
platform,7,-1.345,0.227,0,180,180,0
platform,7,1.846,0.227,0,180,180,0
platform,7,1.394,0.227,0,180,180,0
platform,7,0.02099991,0.227,0,180,180,0.06307983
platform,3,0,-1.278,90,0,0,0.0002543131
platform,5,4,0.5,90,0,0,0.1133321
platform,3,-3.9,0,340,0,0,0
platform,3,4.1,0,340,0,0,0.1533305
platform,5,4,1.7,90,0,0,0.1558329
platform,3,-3.9,1.35,340,0,0,0
platform,3,4.1,1.35,340,0,0,0.09416708
platform,5,4,2.9,90,0,0,0.2300008
platform,3,-3.9,2.01,0,0,0,0
platform,3,4.1,2.01,0,0,0,0.3341675
platform,3,4.1,2.01,0,0,0,0
platform,3,-3.9,2.01,0,0,0,0.02667236
platform,3,2.1,2.01,0,0,0,0.01582845
platform,6,1.52,3.048,90,0,0,0.1216736
platform,3,4.1,2.01,0,0,0,0.0249939
platform,3,0,2.01,0,0,0,0.131663
platform,7,4.69,2.99,0,180,180,0
platform,7,2.85,2.99,0,180,180,0
platform,7,6.04,2.99,0,180,180,0
platform,7,3.76,2.99,0,180,180,0
platform,7,5.59,2.99,0,180,180,0
platform,7,5.14,2.99,0,180,180,0
platform,7,2.38,2.99,0,180,180,0
platform,7,4.22,2.99,0,180,180,0
platform,7,3.3,2.99,0,180,180,0.007507324
platform,3,-3.9,2.01,0,0,0,0.02916463
platform,3,0,2.01,0,0,0,0.02999878
platform,3,4.2,1.48,90,0,0,0.09750366
platform,7,0.11,2.99,0,180,180,0
platform,7,1.03,2.99,0,180,180,0
platform,7,0.58,2.99,0,180,180,0
platform,7,-0.35,2.99,0,180,180,0
platform,7,1.93,2.99,0,180,180,0
platform,7,-0.81,2.99,0,180,180,0
platform,7,-1.26,2.99,0,180,180,0
platform,7,-1.75,2.99,0,180,180,0
platform,7,1.48,2.99,0,180,180,0.06666056
platform,3,0.09,1.48,90,0,0,0.1216634
platform,3,-3.82,2.1,0,0,0,0.325002
platform,3,-3.82,1.4,20,0,0,0.3166707
platform,3,-3.82,0,20,0,0,0.3166606
platform,3,-3.82,-0.67,0,0,0,0.3416748
platform,3,-3.82,-0.67,0,0,0,0.3416646
platform,3,-3.81,-0.67,0,0,0,0.1583354
platform,3,-1.89,-0.67,0,0,0,0.1666667
platform,3,0.2,-0.67,0,0,0,0.1833293
platform,3,2.31,-0.67,0,0,0,0.1566671
platform,6,4.81,0.4,90,0,0,0.008331299
platform,1,6.08,0.77,90,270,0,0
platform,3,4.31,-0.67,0,0,0,0.1841736
platform,3,2.31,-0.67,0,0,0,0.1583354
platform,3,0.32,-0.67,0,0,0,0.1666667
platform,3,-1.66,-0.67,0,0,0,0.1583252
platform,3,0.3,-0.67,0,0,0,0.1833394
platform,3,-1.64,-0.67,0,0,0,0.1666667
platform,3,0.32,-0.67,0,0,0,0.1666667
platform,3,2.32,-0.67,0,0,0,0.1641642
platform,3,4.27,-0.67,0,0,0,0.3399963
platform,3,4.29,0,340,0,0,0.3083394
platform,3,4.29,1.35,340,0,0,0.325002
platform,3,4.29,2.01,0,0,0,0.1666667
platform,3,2.27,2.01,0,0,0,0.1666667
platform,3,0.27,2.01,0,0,0,0.1666667
platform,3,-1.71,2.01,0,0,0,0.1583252
platform,3,-3.71,2.01,0,0,0,0.3416748
platform,3,-3.68,2.01,0,0,0,0.3249919
platform,3,-3.68,1.33,20,0,0,0.3166707
platform,3,-3.68,-0.05,20,0,0,0.3083293
platform,3,-3.68,-0.67,0,0,0,0.3333333
platform,3,-3.66,-0.67,0,0,0,0.3366699
platform,3,-3.67,-0.7,0,0,0,0.1583252
platform,5,-3.46,0.4,90,0,0,0.1083374
platform,5,-4.25,0.9,90,0,0,0.04166667
platform,3,-3.67,0,340,0,0,0.08333334
platform,5,-4.77,1.5,90,0,0,0.09999593
platform,5,-4.47,2.5,90,0,0,0.01667277
platform,3,-3.67,1.1,320,0,0,0.1083272
platform,5,-3.77,3.7,90,0,0,0.1591797
platform,6,-2.77,4.7,90,0,0,0.6458333
platform,7,-1.46,2.849,270,0,0,0
platform,7,1.54,2.849,270,0,0,0.1224976
platform,3,0,2.1,0,0,0,0.04416911
platform,7,1.54,2.849,270,0,0,0
platform,7,-1.46,2.849,270,0,0,0.1666667
platform,7,-1.46,2.849,270,0,0,0
platform,7,1.54,2.849,270,0,0,0.1224976
platform,3,0,2.1,0,0,0,0.04416911
platform,7,-1.46,2.849,270,0,0,0
platform,7,1.54,2.849,270,0,0,0.2891642
platform,3,0,1.4,20,0,0,0.3166707
platform,3,0,0,20,0,0,0.3083293
platform,3,0,-0.67,0,0,0,0.3416646
platform,3,0,-0.67,0,0,0,0.3333333
platform,3,4.19,-0.67,0,0,0,0
platform,3,0,-0.67,0,0,0,0.1333313
platform,7,-1.802,0.227,0,180,180,0
platform,7,-1.342,0.227,0,180,180,0
platform,7,0.9419999,0.227,0,180,180,0
platform,7,-0.882,0.227,0,180,180,0
platform,7,1.846,0.227,0,180,180,0
platform,7,1.394,0.227,0,180,180,0
platform,7,-0.441,0.227,0,180,180,0
platform,7,0.49,0.227,0,180,180,0
platform,7,0.02099991,0.227,0,180,180,0.02834066
platform,5,4.18,0.4,90,0,0,0.02998861
platform,3,0,-1.278,90,0,0,0.07833862
platform,5,5.1,0.9,90,0,0,0.03834025
platform,3,4.23,0,340,0,0,0.08665975
platform,5,5.55,1.5,90,0,0,0.1000061
platform,5,5.19,2.5,90,0,0,0.0149943
platform,3,4.21,1.06,320,0,0,0.1100057
platform,5,4.58,3.7,90,0,0,0.1337484
platform,6,3.37,4.7,90,0,0,0.7654012
platform,3,-1.87,-0.4,0,0,0,0
platform,3,2.2,-0.4,0,0,0,0.3500163
platform,3,-1.87,-0.4,0,0,0,0
platform,3,2.2,-0.4,0,0,0,0.3374837
platform,3,-1.87,-0.4,0,0,0,0
platform,3,2.2,-0.4,0,0,0,0.3208415
platform,3,-1.87,0.33,340,0,0,0
platform,3,2.2,0.33,340,0,0,0.5933228
platform,3,-2,-0.07,0,0,0,0
platform,3,2,-0.07,0,0,0,0.3250122
platform,3,2,0.64,340,0,0,0
platform,3,-2,0.64,340,0,0,0.4625041
platform,7,6.682,3.202,295,270,90,0
platform,7,7.202,3.441,295,270,90,0.1083272
platform,5,5.6,3.07,90,180,0,0
platform,3,5.9,2,0,0,25,0.03333537
platform,3,-6.1,2,0,0,335,0.02500407
platform,7,7.202,3.441,295,270,90,0
platform,7,4.202,2.01,295,270,90,0
platform,7,6.682,3.202,295,270,90,0
platform,7,4.712,2.25,295,270,90,0.1666667
platform,7,4.712,2.25,295,270,90,0
platform,7,4.202,2.01,295,270,90,0
platform,7,7.202,3.441,295,270,90,0
platform,7,6.682,3.202,295,270,90,0.0249939
platform,5,5.6,3.07,90,180,0,0.08333334
platform,3,5.9,2,0,0,25,0
platform,3,-6.1,2,0,0,335,0.05833944
platform,7,4.202,2.01,295,270,90,0
platform,7,7.202,3.441,295,270,90,0
platform,7,4.712,2.25,295,270,90,0
platform,7,6.682,3.202,295,270,90,0.1083272
platform,5,5.6,3.07,90,180,0,0.05833944
platform,7,4.712,2.25,295,270,90,0
platform,7,4.202,2.01,295,270,90,0
platform,7,7.202,3.442,295,270,90,0
platform,7,6.682,3.202,295,270,90,0.1083272
platform,3,5.9,2,0,0,25,0
platform,3,-6.1,2,0,0,335,0.05833944
platform,7,4.712,2.25,295,270,90,0
platform,7,7.202,3.442,295,270,90,0
platform,7,4.202,2.01,295,270,90,0
platform,7,6.682,3.202,295,270,90,0.0249939
platform,5,5.2,3.07,90,180,0,0.1416728
platform,7,7.202,3.442,295,270,90,0
platform,7,4.202,2.01,295,270,90,0
platform,7,6.682,3.202,295,270,90,0
platform,7,4.712,2.25,295,270,90,0.1083272
platform,3,5.9,2,0,0,25,0
platform,3,-6.1,2,0,0,335,0.001505534
platform,6,4.518,3.072,90,0,0,0.0568339
platform,7,7.202,3.442,295,270,90,0
platform,7,6.682,3.202,295,270,90,0.1833293
platform,7,4.632,1.669,295,270,90,0
platform,7,2.842,0.829,295,270,90,0
platform,7,2.372,0.609,295,270,90,0
platform,7,5.172,1.919,295,270,90,0.1166687
platform,3,3.9,0.5,0,0,25,0
platform,3,-4.1,0.5,0,0,335,0.008331299
platform,5,3.6,1.5,90,180,0,0.04166667
platform,7,2.372,0.609,295,270,90,0
platform,7,5.172,1.919,295,270,90,0
platform,7,2.842,0.829,295,270,90,0
platform,7,4.632,1.669,295,270,90,0.1666667
platform,7,5.172,1.919,295,270,90,0
platform,7,4.632,1.669,295,270,90,0
platform,7,2.842,0.829,295,270,90,0
platform,7,2.372,0.609,295,270,90,0.04166667
platform,5,3.6,1.5,90,180,0,0.07500204
platform,3,-4.1,0.5,0,0,335,0
platform,3,3.9,0.5,0,0,25,0.04999797
platform,7,5.172,1.919,295,270,90,0
platform,7,2.842,0.829,295,270,90,0
platform,7,2.372,0.609,295,270,90,0
platform,7,4.632,1.669,295,270,90,0.125
platform,5,3.6,1.5,90,180,0,0.03333537
platform,7,2.372,0.609,295,270,90,0
platform,7,4.632,1.669,295,270,90,0
platform,7,2.842,0.829,295,270,90,0
platform,7,5.172,1.919,295,270,90,0.125
platform,3,3.9,0.5,0,0,25,0
platform,3,-4.1,0.5,0,0,335,0.04166667
platform,7,2.372,0.609,295,270,90,0
platform,7,4.632,1.669,295,270,90,0
platform,7,5.172,1.919,295,270,90,0
platform,7,2.842,0.829,295,270,90,0.04999797
platform,5,3.6,1.5,90,180,0,0.1166687
platform,7,2.372,0.609,295,270,90,0
platform,7,2.842,0.829,295,270,90,0
platform,7,4.632,1.669,295,270,90,0
platform,7,5.172,1.919,295,270,90,0.125
platform,3,-4.1,0.5,0,0,335,0
platform,3,3.9,0.5,0,0,25,0.008331299
platform,6,3.614,1.478,90,0,0,0.03333537
platform,7,4.632,1.669,295,270,90,0
platform,7,2.842,0.829,295,270,90,0
platform,7,5.172,1.919,295,270,90,0
platform,7,2.372,0.609,295,270,90,0.3083293
platform,3,1.9,-1,0,0,25,0
platform,3,-2.1,-1,0,0,335,0.3333333
platform,3,1.9,-1,0,0,25,0
platform,3,-2.1,-1,0,0,335,0.3333333
platform,3,1.9,-1,0,0,25,0
platform,3,-2.1,-1,0,0,335,0.3333333
platform,3,-2.1,-1,0,0,335,0
platform,3,1.9,-1,0,0,25,0.2583313
platform,1,-2.8,-0.29,0,0,335,0
platform,1,2.7,-0.28,0,0,25,0.9966736
platform,3,-1.87,-0.35,0,0,0,0
platform,3,2.2,-0.35,0,0,0,0.325002
platform,3,-1.87,0.38,340,0,0,0
platform,3,2.2,0.38,340,0,0,0.3733317
platform,5,-2.46,2.98,90,0,0,0
platform,5,-1.96,2.18,90,0,0,0
platform,5,-2.92,2.18,90,0,0,0.3849996
platform,3,2.2,-0.35,0,0,0,0
platform,3,-1.87,-0.35,0,0,0,0.3416646
platform,3,-1.87,-0.35,0,0,0,0
platform,3,2.2,-0.35,0,0,0,0.325002
platform,3,-1.87,0.38,340,0,0,0
platform,3,2.2,0.38,340,0,0,0.2908325
platform,5,1.8,2.98,90,0,0,0
platform,5,2.3,2.18,90,0,0,0
platform,5,1.34,2.18,90,0,0,0.5199992
platform,7,-1.33,-1.45,270,0,0,0
platform,7,-0.33,-1.1,270,0,0,0
platform,7,0.77,-1.1,270,0,0,0
platform,7,4.83,-1.1,270,0,0,0
platform,7,3.83,-1.1,270,0,0,0
platform,7,4.33,-1.1,270,0,0,0
platform,7,0.17,-1.1,270,0,0,0
platform,7,2.23,-1.1,270,0,0,0
platform,7,2.73,-1.1,270,0,0,0
platform,7,1.27,-1.1,270,0,0,0
platform,7,-0.83,-1.45,270,0,0,0
platform,7,3.33,-1.1,270,0,0,0.04999797
platform,7,-1.33,-1.1,270,0,0,0
platform,7,2.23,-1.1,270,0,0,0
platform,7,1.27,-1.1,270,0,0,0
platform,7,0.17,-1.1,270,0,0,0
platform,7,3.83,-1.1,270,0,0,0
platform,7,4.33,-1.1,270,0,0,0
platform,7,2.73,-1.1,270,0,0,0
platform,7,3.33,-1.1,270,0,0,0
platform,7,4.83,-1.1,270,0,0,0
platform,7,-0.83,-1.1,270,0,0,0
platform,7,-0.33,-1.1,270,0,0,0
platform,7,0.77,-1.1,270,0,0,0.03333537
platform,3,-0.05,-1.9,0,0,0,0
platform,1,-3.65,-1.4,0,0,0,0
platform,3,3.52,-1.9,0,0,0,0
platform,3,-3.65,-1.9,0,0,0,0.0249939
platform,7,-0.33,-1.1,270,0,0,0
platform,7,3.83,-1.1,270,0,0,0
platform,7,4.83,-1.1,270,0,0,0
platform,7,2.73,-1.1,270,0,0,0
platform,7,2.23,-1.1,270,0,0,0
platform,7,0.17,-1.1,270,0,0,0
platform,7,-0.83,-1.1,270,0,0,0
platform,7,-1.33,-1.1,270,0,0,0
platform,7,4.33,-1.1,270,0,0,0
platform,7,0.77,-1.1,270,0,0,0
platform,7,3.33,-1.1,270,0,0,0
platform,7,1.27,-1.1,270,0,0,0.05833944
platform,7,2.23,-1.1,270,0,0,0
platform,7,0.17,-1.1,270,0,0,0
platform,7,-0.83,-1.1,270,0,0,0
platform,7,1.27,-1.1,270,0,0,0
platform,7,-1.33,-1.1,270,0,0,0
platform,7,2.73,-1.1,270,0,0,0
platform,7,0.77,-1.1,270,0,0,0
platform,7,3.33,-1.1,270,0,0,0
platform,7,-0.33,-1.1,270,0,0,0
platform,7,4.83,-1.1,270,0,0,0
platform,7,4.33,-1.1,270,0,0,0
platform,7,3.83,-1.1,270,0,0,1.176666
platform,1,1.95,-1.4,0,0,0,0
platform,3,1.95,-1.9,0,0,0,0.8200073
platform,7,-0.58,2.849,270,0,0,0
platform,7,-3.58,2.849,270,0,0,0.125
platform,3,-2.12,2.1,0,0,0,0.04166667
platform,7,-3.58,2.849,270,0,0,0
platform,7,-0.58,2.849,270,0,0,0.1666667
platform,7,-3.58,2.849,270,0,0,0
platform,7,-0.58,2.849,270,0,0,0.125
platform,3,-2.12,2.1,0,0,0,0.04166667
platform,7,-0.58,2.849,270,0,0,0
platform,7,-3.58,2.849,270,0,0,0.2916667
platform,3,-2.12,1.4,20,0,0,0.3266602
platform,3,-2.12,0.7,0,0,0,0.3416748
platform,3,-2.12,0.7,0,0,0,0.3333333
platform,3,-2.12,0.7,0,0,0,0
platform,3,-6.06,0.7,0,0,0,0
platform,3,2.03,0.7,0,0,0,0.1333211
platform,7,-0.27,1.6,0,180,180,0
platform,7,-1.63,1.6,0,180,180,0
platform,7,-3.93,1.6,0,180,180,0
platform,7,-0.73,1.6,0,180,180,0
platform,7,-1.18,1.6,0,180,180,0
platform,7,-2.1,1.6,0,180,180,0
platform,7,-2.56,1.6,0,180,180,0
platform,7,-3.47,1.6,0,180,180,0
platform,7,-3.01,1.6,0,180,180,0.05834961
platform,3,-2.12,0.1,90,0,0,0.02748617
platform,7,-4.58,1.45,270,0,0,0
platform,7,0.54,1.45,270,0,0,0
platform,7,-7.58,1.45,270,0,0,0
platform,7,3.54,1.45,270,0,0,0.125
platform,3,-6.12,0.7,0,0,0,0
platform,3,2,0.7,0,0,0,0.04166667
platform,7,-7.58,1.45,270,0,0,0
platform,7,0.54,1.45,270,0,0,0
platform,7,3.54,1.45,270,0,0,0
platform,7,-4.58,1.45,270,0,0,0.1666667
platform,7,-7.58,1.45,270,0,0,0
platform,7,3.54,1.45,270,0,0,0
platform,7,0.54,1.45,270,0,0,0
platform,7,-4.58,1.45,270,0,0,0.125
platform,3,2,0.7,0,0,0,0
platform,3,-6.12,0.7,0,0,0,0.04166667
platform,7,3.54,1.45,270,0,0,0
platform,7,-4.58,1.45,270,0,0,0
platform,7,0.54,1.45,270,0,0,0
platform,7,-7.58,1.45,270,0,0,0.2775065
platform,3,-6.12,0,20,0,0,0
platform,3,2,0,20,0,0,0.3166707
platform,3,-6.12,-1.4,20,0,0,0
platform,3,2,-1.4,20,0,0,0.5474854
platform,7,-5.8,-1.1,270,0,0,0
platform,7,-4.8,-1.1,270,0,0,0
platform,7,-7.4,-1.1,270,0,0,0
platform,7,-6.87,-1.1,270,0,0,0
platform,7,-5.3,-1.1,270,0,0,0
platform,7,-6.3,-1.1,270,0,0,0.05834961
platform,7,-5.3,-1.1,270,0,0,0
platform,7,-4.8,-1.1,270,0,0,0
platform,7,-5.8,-1.1,270,0,0,0
platform,7,-6.87,-1.1,270,0,0,0
platform,7,-6.3,-1.1,270,0,0,0
platform,7,-7.4,-1.1,270,0,0,0.02498372
platform,3,2.03,-1.9,0,0,0,0
platform,3,-6.11,-1.9,0,0,0,0
platform,1,2.03,-1.4,0,0,0,0.03334554
platform,7,-5.3,-1.1,270,0,0,0
platform,7,-6.87,-1.1,270,0,0,0
platform,7,-4.8,-1.1,270,0,0,0
platform,7,-7.4,-1.1,270,0,0,0
platform,7,-5.8,-1.1,270,0,0,0
platform,7,-6.3,-1.1,270,0,0,0.05832927
platform,7,-4.8,-1.1,270,0,0,0
platform,7,-5.3,-1.1,270,0,0,0
platform,7,-6.87,-1.1,270,0,0,0
platform,7,-6.3,-1.1,270,0,0,0
platform,7,-7.4,-1.1,270,0,0,0
platform,7,-5.8,-1.1,270,0,0,1.039164
platform,3,-4.9,0.79,340,0,0,0
platform,3,4.1,0.79,340,0,0,0.3250122
platform,3,4.1,1.39,0,0,0,0
platform,3,-4.9,1.39,0,0,0,0.1616618
platform,7,-3.49,2.29,0,180,180,0
platform,7,-4.39,2.29,0,180,180,0
platform,7,-5.78,2.29,0,180,180,0
platform,7,-3.94,2.29,0,180,180,0
platform,7,-3.04,2.29,0,180,180,0
platform,7,-6.23,2.29,0,180,180,0
platform,7,-5.33,2.29,0,180,180,0
platform,7,-4.86,2.29,0,180,180,0
platform,7,-6.7,2.29,0,180,180,0.05832927
platform,3,-4.89,0.79,90,0,0,0.1133423
platform,3,4.1,1.39,0,0,0,0.3249919
platform,3,0,1.39,0,0,0,0.008341472
platform,3,4.1,1.39,0,0,0,0.1583252
platform,7,5.47,2.29,0,180,180,0
platform,7,2.73,2.29,0,180,180,0
platform,7,2.26,2.29,0,180,180,0
platform,7,3.63,2.29,0,180,180,0
platform,7,5.02,2.29,0,180,180,0
platform,7,3.18,2.29,0,180,180,0
platform,7,5.92,2.29,0,180,180,0
platform,7,4.57,2.29,0,180,180,0
platform,7,4.1,2.29,0,180,180,0.05832927
platform,3,4.11,0.79,90,0,0,0.1083374
platform,3,0,1.39,0,0,0,0.3333333
platform,3,0,0.79,20,0,0,0.3166707
platform,3,0,-0.61,20,0,0,0.3083293
platform,3,-3.85,-1.31,0,0,0,0
platform,3,0.1,-1.31,0,0,0,0
platform,3,4,-1.31,0,0,0,0.1833293
platform,7,0.96,-0.373,0,180,180,0
platform,7,-0.87,0.227,0,180,180,0
platform,7,0.04,0.227,0,180,180,0
platform,7,2.43,0.227,0,180,180,0
platform,7,3.35,-0.373,0,180,180,0
platform,7,1.41,-0.373,0,180,180,0
platform,7,4.26,-0.373,0,180,180,0
platform,7,5.18,-0.373,0,180,180,0
platform,7,-1.79,-0.373,0,180,180,0
platform,7,1.87,0.227,0,180,180,0
platform,7,2.9,-0.373,0,180,180,0
platform,7,1.87,-0.373,0,180,180,0
platform,7,-0.42,-0.373,0,180,180,0
platform,7,4.26,0.227,0,180,180,0
platform,7,1.41,0.227,0,180,180,0
platform,7,5.57,0.227,0,180,180,0
platform,7,5.57,-0.373,0,180,180,0
platform,7,2.9,0.227,0,180,180,0
platform,7,4.73,-0.373,0,180,180,0
platform,7,0.04,-0.373,0,180,180,0
platform,7,5.96,0.227,0,180,180,0
platform,7,0.51,-0.373,0,180,180,0
platform,7,-1.79,0.227,0,180,180,0
platform,7,-0.87,-0.373,0,180,180,0
platform,7,3.8,0.227,0,180,180,0
platform,7,3.8,-0.373,0,180,180,0
platform,7,-0.42,0.227,0,180,180,0
platform,7,-1.32,0.227,0,180,180,0
platform,7,0.51,0.227,0,180,180,0
platform,7,5.18,0.227,0,180,180,0
platform,7,0.96,0.227,0,180,180,0
platform,7,4.73,0.227,0,180,180,0
platform,7,3.35,0.227,0,180,180,0
platform,7,5.96,-0.373,0,180,180,0
platform,7,2.43,-0.373,0,180,180,0
platform,7,-1.32,-0.373,0,180,180,0.05832927
platform,3,0.02,-1.01,90,0,0,0
platform,3,4.12,-1.01,90,0,0,0.1000163
platform,3,-3.85,-1.31,0,0,0,0.3333333
platform,3,0.05999994,-1.31,0,0,0,0
platform,3,-3.85,-1.31,0,0,0,0.1333211
platform,7,-5.69,-0.41,0,180,180,0
platform,7,-5.22,-0.41,0,180,180,0
platform,7,-3.86,-0.41,0,180,180,0
platform,7,-4.77,-0.41,0,180,180,0
platform,7,-2.03,-0.41,0,180,180,0
platform,7,-2.94,-0.41,0,180,180,0
platform,7,-4.32,-0.41,0,180,180,0
platform,7,-3.39,-0.41,0,180,180,0
platform,7,-2.49,-0.41,0,180,180,0.05832927
platform,3,-3.88,-1.91,90,0,0,0.008341472
platform,5,0.42,0.39,90,0,0,0.1083374
platform,3,0.08999991,-0.61,340,0,0,0.008321126
platform,5,0.89,0.855,90,0,0,0.1000163
platform,5,1.32,1.455,90,0,0,0.125
platform,5,1.29,2.472,90,0,0,0.02498372
platform,3,0.1,1.06,320,0,0,0.1000163
platform,5,0.6,3.72,90,0,0,0.1499837
platform,6,-0.4,4.696,90,0,0,1.065837
platform,3,-0.06999993,-1.49,0,0,0,0
platform,1,-0.00999999,-0.98,0,0,0,0.6941732
platform,5,2.228,3.92,90,0,0,0
platform,5,1.768,3.12,90,0,0,0
platform,5,2.728,3.12,90,0,0,0.5558268
platform,3,-1.87,0,0,0,0,0.3333333
platform,3,-1.87,0,0,0,0,0.3333333
platform,3,-1.87,0,0,0,0,0.3333333
platform,3,-1.87,0.73,340,0,0,0.3341675
platform,5,-2.49,2.53,90,0,0,0
platform,5,-1.53,2.53,90,0,0,0
platform,5,-2.03,3.33,90,0,0,0.4158325
platform,3,2.2,0,0,0,0,0.3333333
platform,3,2.2,0,0,0,0,0.3333333
platform,3,2.2,0.73,340,0,0,0.3474935
platform,5,1.8,3.33,90,0,0,0
platform,5,2.3,2.53,90,0,0,0
platform,5,1.34,2.53,90,0,0,0.5691732
platform,3,2.2,-0.07,0,0,0,0
platform,3,-4.83,-0.07,0,0,0,0
platform,3,4.88,-0.07,0,0,0,0
platform,3,-1.87,-0.07,0,0,0,0.3333333
platform,5,-4.64,1.11,90,0,0,0
platform,3,4.88,-0.07,0,0,0,0
platform,3,-4.83,-0.07,0,0,0,0.25
platform,5,-4.64,1.11,90,0,0,0.08333334
platform,3,-4.83,-0.07,0,0,0,0
platform,3,4.88,-0.07,0,0,0,0.08333334
platform,5,-4.64,1.11,90,0,0,0.07500204
platform,4,5.94,1.43,90,0,0,0
platform,4,4.08,1.43,90,0,0,0.174998
platform,3,-1.87,-0.07,0,0,0,0
platform,3,-4.83,-0.07,0,0,0,0.1666667
platform,4,-3.99,1.43,90,0,0,0
platform,3,0.13,-0.07,0,0,0,0
platform,4,-5.85,1.43,90,0,0,0.1666667
platform,3,2.2,-0.07,0,0,0,0.3333333
platform,3,2.2,0.64,340,0,0,0.6666667
platform,3,-4.83,-0.07,0,0,0,0
platform,3,4.88,-0.07,0,0,0,0
platform,3,2.2,-0.07,0,0,0,0
platform,3,-1.87,-0.07,0,0,0,0.25
platform,5,4.91,1.11,90,0,0,0.08333334
platform,3,4.88,-0.07,0,0,0,0
platform,3,-4.83,-0.07,0,0,0,0.1666667
platform,5,4.91,1.11,90,0,0,0.1666667
platform,3,-4.83,-0.07,0,0,0,0
platform,3,4.88,-0.07,0,0,0,0.08333334
platform,5,4.91,1.11,90,0,0,0.06333414
platform,4,-5.89,1.43,90,0,0,0
platform,4,-3.82,1.43,90,0,0,0.1866658
platform,3,4.88,-0.07,0,0,0,0
platform,3,2.2,-0.07,0,0,0,0.1666667
platform,4,6.04,1.43,90,0,0,0
platform,3,0.13,-0.07,0,0,0,0
platform,4,3.98,1.43,90,0,0,0.1666667
platform,3,-1.87,-0.07,0,0,0,0.3333333
platform,3,-1.87,0.64,340,0,0,0.75
platform,3,-1.87,-0.07,0,0,0,0
platform,3,-4.83,-0.07,0,0,0,0
platform,3,4.88,-0.07,0,0,0,0
platform,3,2.2,-0.07,0,0,0,0.3333333
platform,3,-4.83,-0.07,0,0,0,0
platform,3,4.88,-0.07,0,0,0,0.3333333
platform,3,-4.83,-0.07,0,0,0,0
platform,3,4.88,-0.07,0,0,0,0
platform,3,0.00999999,-3.34,0,0,0,0.1666667
platform,3,2.88,-0.07,0,0,0,0
platform,3,-2.83,-0.07,0,0,0,0.1666667
platform,6,0,-2.33,90,0,0,0
platform,3,2.2,-0.07,0,0,0,0
platform,3,0.00999999,-3.34,0,0,0,0
platform,3,-1.87,-0.07,0,0,0,0.1666667
platform,6,0,-2.33,90,0,0,0.1666667
platform,3,0.01,-0.07,0,0,0,0
platform,3,0.00999999,-3.34,0,0,0,0.08333334
platform,6,0,-2.33,90,0,0,0.07391357
platform,4,0.98,1.43,90,0,0,0
platform,4,-1.02,1.43,90,0,0,0.1760864
platform,3,0.00999999,-3.34,0,0,0,0.25
platform,1,1.03,-3.06,0,0,0,0
platform,1,-0.99,-3.06,0,0,0,1.095835
platform,1,-0.6000004,-0.98,0,0,0,0
platform,3,-0.7000008,-1.49,0,0,0,0.7916667
platform,7,1.5,2.86,270.0198,0,0,0
platform,7,-2.799999,2.86,270.0198,0,0,0
platform,7,4.4,2.86,270.0198,0,0,0
platform,7,-5.799999,2.86,270.0198,0,0,0.09166463
platform,3,-4.200001,2.1,0,0,0,0
platform,3,3,2.1,0,0,0,0.07500204
platform,7,4.4,2.86,270.0198,0,0,0
platform,7,-2.799999,2.86,270.0198,0,0,0
platform,7,1.5,2.86,270.0198,0,0,0
platform,7,-5.799999,2.86,270.0198,0,0,0.174998
platform,7,-5.799999,2.86,270.0198,0,0,0
platform,7,1.5,2.86,270.0198,0,0,0
platform,7,4.4,2.86,270.0198,0,0,0
platform,7,-2.799999,2.86,270.0198,0,0,0.08416748
platform,3,-4.200001,2.1,0,0,0,0
platform,3,3,2.1,0,0,0,0.08249918
platform,7,2,2.86,270.0198,0,0,0
platform,7,-5.799999,2.86,270.0198,0,0,0
platform,7,3,2.86,270.0198,0,0,0
platform,7,-2.799999,2.86,270.0198,0,0,0
platform,7,3.9,2.86,270.0198,0,0,0
platform,7,3.5,2.86,270.0198,0,0,0
platform,7,1.5,2.86,270.0198,0,0,0
platform,7,2.5,2.86,270.0198,0,0,0
platform,7,4.4,2.86,270.0198,0,0,0.7191671
platform,1,-0.6000004,-0.98,0,0,0,0
platform,3,-0.7000008,-1.49,0,0,0,0.6808268
platform,7,4.4,2.86,270.0198,0,0,0
platform,7,1.5,2.86,270.0198,0,0,0.01667277
platform,7,-6.799999,2.9,270.0198,0,0,0
platform,7,-3.9,2.9,270.0198,0,0,0.07500204
platform,3,3,2.1,0,0,0,0.004160563
platform,3,-5.4,2.1,0,0,0,0.0708313
platform,7,1.5,2.86,270.0198,0,0,0
platform,7,4.4,2.86,270.0198,0,0,0.01667277
platform,7,-3.9,2.9,270.0198,0,0,0
platform,7,-6.799999,2.9,270.0198,0,0,0.1583354
platform,7,4.4,2.86,270.0198,0,0,0
platform,7,1.5,2.86,270.0198,0,0,0.0166626
platform,7,-3.9,2.9,270.0198,0,0,0
platform,7,-6.799999,2.9,270.0198,0,0,0.06750488
platform,3,3,2.1,0,0,0,0.004160563
platform,3,-5.4,2.1,0,0,0,0.07833862
platform,7,4.4,2.86,270.0198,0,0,0
platform,7,1.5,2.86,270.0198,0,0,0.01649984
platform,7,-5.799999,2.86,270.0198,0,0,0
platform,7,-5.299999,2.86,270.0198,0,0,0
platform,7,-6.4,2.86,270.0198,0,0,0
platform,7,-4.4,2.86,270.0198,0,0,0
platform,7,-4.9,2.86,270.0198,0,0,0.0001627604
platform,7,-6.799999,2.9,270.0198,0,0,0
platform,7,-3.9,2.9,270.0198,0,0,0.6083374
platform,1,0.1299992,-0.98,0,0,0,0
platform,3,0.03000069,-1.49,0,0,0,0.6541646
platform,7,-1.5,2.86,270.0198,0,0,0
platform,7,1.4,2.86,270.0198,0,0,0.09166463
platform,3,0,2.1,0,0,0,0.00499471
platform,5,-0.36,3.188,90,0,0,0
platform,5,0.6,3.188,90,0,0,0.07000732
platform,7,-1.5,2.86,270.0198,0,0,0
platform,7,1.4,2.86,270.0198,0,0,0.174998
platform,7,1.4,2.86,270.0198,0,0,0
platform,7,-1.5,2.86,270.0198,0,0,0.00499471
platform,5,0.6,3.188,90,0,0,0
platform,5,-0.36,3.188,90,0,0,0.07917277
platform,3,0,2.1,0,0,0,0.08249918
platform,7,1.4,2.86,270.0198,0,0,0
platform,7,-1.5,2.86,270.0198,0,0,0.08832804
platform,5,0.6,3.188,90,0,0,0
platform,5,-0.36,3.188,90,0,0,0.07000732
platform,7,-1.5,2.86,270.0198,0,0,0
platform,7,1.4,2.86,270.0198,0,0,0.09166463
platform,3,0,2.1,0,0,0,0.07500204
platform,7,-1.5,2.86,270.0198,0,0,0
platform,7,1.4,2.86,270.0198,0,0,0.01332601
platform,5,0.6,3.188,90,0,0,0
platform,5,-0.36,3.188,90,0,0,0.161672
platform,7,-1.5,2.86,270.0198,0,0,0
platform,7,1.4,2.86,270.0198,0,0,0.08416748
platform,3,0,2.1,0,0,0,0.004160563
platform,5,-0.36,3.188,90,0,0,0
platform,5,0.6,3.188,90,0,0,0.07833862
platform,7,1.4,2.86,270.0198,0,0,0
platform,7,-1.5,2.86,270.0198,0,0,0.1583354
platform,7,-1.5,2.86,270.0198,0,0,0
platform,7,1.4,2.86,270.0198,0,0,0.01332601
platform,5,0.6,3.188,90,0,0,0
platform,5,-0.36,3.188,90,0,0,0.07833862
platform,3,0,2.1,0,0,0,0.07500204
platform,7,1.4,2.86,270.0198,0,0,0
platform,7,-1.5,2.86,270.0198,0,0,0.09665934
platform,5,0.6,3.188,90,0,0,0
platform,5,-0.36,3.188,90,0,0,0.07833862
platform,7,-1.5,2.86,270.0198,0,0,0
platform,7,1.4,2.86,270.0198,0,0,0.08416748
platform,3,0,2.1,0,0,0,0.08249918
platform,7,1.4,2.86,270.0198,0,0,0
platform,7,-1.5,2.86,270.0198,0,0,0.1658427
platform,6,0.52,3.118,90,0,0,0
platform,6,-0.45,3.118,90,0,0,0
platform,6,0.01,3.897,90,0,0,0.306661
platform,8,0,-1.83,0,0,0,10
