platformPoolCount,10
definePlatformPool,Set1Wall,10
definePlatformPool,Set1Spring,20
definePlatformPool,Set1Spinner,10
definePlatformPool,Coin,20
definePlatformPool,Plank,10
definePlatformPool,Spring,40
definePlatformPool,Set1WoodBlock,10
definePlatformPool,Set1Plank,30
definePlatformPool,PlankJr,40
definePlatformPool,Box1,10
introPlatform,6,0,0,4.49,0,0,0,0
introPlatform,6,1.07,0,15.35,0,0,0,0
introPlatform,6,-1.15,0,26.01,0,0,0,0
introPlatform,6,0.94,0,37.12,0,0,0,0.35
platform,6,0,0,0,0,0,0.4699999
platform,3,0,2.75,90,0,0,0.4350001
platform,6,0,0,0,0,0,0.8883333
platform,6,-1.1,0,0,0,0,0.8358333
platform,6,-2.58,0,0,0,0,0.9116669
platform,6,1.26,0,0,0,0,0.905
platform,6,2.67,0,0,0,0,0.888333
platform,6,0,0,0,0,0,0.4533335
platform,3,0,2.75,90,0,0,0.4300003
platform,6,0,0,0,0,0,0.9349995
platform,7,0,0,0,0,0,0.348334
platform,7,0,0,0,0,0,0.3366661
platform,7,0,0,0,0,0,0.3383331
platform,7,0,0,0,0,0,0.2483342
platform,1,-1.05,0.166,0,0,0,0
platform,1,1.02,0.166,0,0,0,1.320833
platform,6,0,0,0,0,0,0.8933334
platform,6,0,0,0,0,0,0.9166667
platform,6,2.1,0,0,0,0,0.8583336
platform,6,-2.08,0,0,0,0,0.8916664
platform,6,2.46,0,0,0,0,0.9166667
platform,6,-2.65,0,0,0,0,0.8583336
platform,6,0,0,0,0,0,0.2833328
platform,3,0,2.059,90,0,0,0.1833331
platform,3,0,2.75,90,0,0,0.2000008
platform,3,0,2.069,90,0,0,0.25
platform,6,0,0,0,0,0,0.75
platform,7,0,0,0,0,0,0.1416664
platform,7,0,0,0,0,0,0.2083333
platform,7,0,0,0,0,0,0.1333338
platform,7,0,0,0,0,0,0.1750005
platform,7,2.06,0,0,0,0,0.1666667
platform,7,4,0,0,0,0,0.3499985
platform,7,4,0,0,0,0,0.1750005
platform,7,2.06,0,0,0,0,0.1416677
platform,7,0.16,0,0,0,0,0.1833318
platform,7,-2.06,0,0,0,0,0.3416672
platform,7,-2.06,0,0,0,0,0.1666667
platform,7,-0.1,0,0,0,0,0.3416672
platform,7,-0.1,0,0,0,0,0.2583338
platform,1,-1.15,0.166,0,0,0,0
platform,1,0.92,0.166,0,0,0,1.314166
platform,6,0,0,0,0,0,0.774999
platform,6,-0.06,1,0,0,0,0.7916667
platform,6,-0.06,2,0,0,0,1.125
platform,1,0,-1.126,0,0,0,0.1416677
platform,3,0,0.86,90,0,0,0.1916656
platform,3,0,2.07,90,0,0,0.1750005
platform,3,0,3.38,90,0,0,0.5833333
platform,7,-0.1,0,0,0,0,0.3416672
platform,7,-0.1,0,0,0,0,0.3083344
platform,7,-0.1,0,0,0,0,0.3416646
platform,7,-0.1,0,0,0,0,0.2583338
platform,1,-1.102,0.166,0,0,0,0
platform,1,0.919,0.166,0,0,0,1.266668
platform,6,-1.011,0,0,0,0,0.7833328
platform,6,-0.06,1,0,0,0,0.7916667
platform,6,1.05,2,0,0,0,1.125
platform,1,2.1,-1.126,0,0,0,0.2333323
platform,3,1.25,0.86,90,0,0,0.1750005
platform,3,0,2.07,90,0,0,0.1416677
platform,3,-1.1,3.38,90,0,0,0.5583318
platform,7,-0.1,0,0,0,0,0.3083344
platform,7,-0.1,0,0,0,0,0.350001
platform,7,-0.1,0,0,0,0,0.3416646
platform,7,-0.1,0,0,0,0,0.2666677
platform,1,0.919,0.166,0,0,0,0
platform,1,-1.102,0.166,0,0,0,1.308334
platform,6,1.13,0,0,0,0,0.7666652
platform,6,-1.1,1,0,0,0,0.7666677
platform,6,2.011,2,0,0,0,1.125
platform,1,-2.14,-1.126,0,0,0,0.1916656
platform,3,-1.05,0.86,90,0,0,0.1666667
platform,3,0,2.07,90,0,0,0.1416677
platform,3,1.03,3.38,90,0,0,0.6166661
platform,7,-0.1,0,0,0,0,0.3333333
platform,7,-0.1,0,0,0,0,0.3083344
platform,7,-0.1,0,0,0,0,0.3416646
platform,7,-0.1,0,0,0,0,0.2583364
platform,1,0.919,0.166,0,0,0,0
platform,1,-1.102,0.166,0,0,0,1.359995
platform,6,0,0,0,0,0,0.8333333
platform,6,-1.3,0,0,0,0,0.8816681
platform,6,-2.6,0,0,0,0,0.4083354
platform,3,0.58,2.8,90,0,0,0.4916636
platform,6,2.71,0,0,0,0,0.8849996
platform,6,1.16,0,0,0,0,0.9166667
platform,6,-2.45,0,0,0,0,0.8416697
platform,6,0,0,0,0,0,0.4666646
platform,3,0,2.75,90,0,0,0.450002
platform,6,0,0,0,0,0,0.8916677
platform,6,3.93,0,0,0,0,0.8333333
platform,6,1.17,0,0,0,0,0.9166667
platform,6,3.53,0,0,0,0,0.4583333
platform,3,0.58,2.8,90,0,0,0.4416656
platform,6,-1.21,0,0,0,0,0.850001
platform,6,-1.19,0,0,0,0,0.9166667
platform,6,2.83,0,0,0,0,0.8416646
platform,6,-1.21,0,0,0,0,0.4666646
platform,3,-0.43,2.75,90,0,0,0.450002
platform,6,0.03,0,0,0,0,0.8566691
platform,7,-0.1,0,0,0,0,0.3166656
platform,7,-0.1,0,0,0,0,0.3416646
platform,7,-0.1,0,0,0,0,0.1666667
platform,7,2.17,0,0,0,0,0.1666667
platform,1,6.4,1.5,90,270,0,0
platform,7,4.1,0,0,0,0,0.1666667
platform,1,6.4,1.5,90,270,0,0.1666667
platform,1,6.4,1.5,90,270,0,0.008336385
platform,7,4.1,0,0,0,0,0.1666667
platform,7,2.02,0,0,0,0,0.1666667
platform,7,-0.1,0,0,0,0,0.1666667
platform,7,-2.04,0,0,0,0,0
platform,1,-4.29,1.5,90,90,0,0.1666667
platform,1,-4.29,1.5,90,90,0,0.1666667
platform,7,-2.03,0,0,0,0,0
platform,1,-4.29,1.5,90,90,0,0.1666667
platform,7,0.05,0,0,0,0,0.1666667
platform,7,1.99,0,0,0,0,0.1666667
platform,1,6.4,1.5,90,270,0,0
platform,7,4.11,0,0,0,0,0.1666667
platform,1,6.4,1.5,90,270,0,0.1666667
platform,1,6.4,1.5,90,270,0,0.008331299
platform,7,4.1,0,0,0,0,0.1666667
platform,7,2.02,0,0,0,0,0.1666667
platform,7,-0.1,0,0,0,0,0.1666667
platform,7,-2.04,0,0,0,0,0
platform,1,-4.29,1.5,90,90,0,0.1666667
platform,1,-4.29,1.5,90,90,0,0.1666667
platform,1,-4.29,1.5,90,90,0,0
platform,7,-2.03,0,0,0,0,0.1666667
platform,7,0.05,0,0,0,0,0.1666667
platform,7,1.99,0,0,0,0,0.1666667
platform,7,4.11,0,0,0,0,0.3333333
platform,7,4.1,0,0,0,0,0.1666667
platform,7,2.02,0,0,0,0,0.1666667
platform,7,-0.1,0,0,0,0,0.3333333
platform,7,-0.1,0,0,0,0,0.2583313
platform,1,0.919,0.166,0,0,0,0
platform,1,-1.102,0.166,0,0,0,1.441671
platform,7,-2.13,-0.49,0,0,0,0
platform,7,2.04,-0.49,0,0,0,0.25
platform,7,2.04,-0.49,0,0,0,0
platform,7,-2.13,-0.49,0,0,0,0.25
platform,3,-0.5,0.543,90,0,0,0.08333334
platform,7,-2.13,-0.49,0,0,0,0
platform,7,2.04,-0.49,0,0,0,0.08333334
platform,3,-1.04,0.543,90,0,0,0.1666667
platform,3,-1.57,0.543,90,0,0,0.08333334
platform,7,-2.13,-0.49,0,0,0,0
platform,7,2.04,-0.49,0,0,0,0.08333334
platform,3,-2.11,0.543,90,0,0,0.125
platform,3,-2.45,0.543,90,0,0,0.125
platform,3,-2.73,0.543,90,0,0,0
platform,7,-2.13,-0.49,0,0,0,0
platform,7,2.04,-0.49,0,0,0,0.1666667
platform,3,-2.56,0.543,90,0,0,0.1666667
platform,7,-2.13,-0.49,0,0,0,0
platform,7,2.04,-0.49,0,0,0,0
platform,3,-1.99,0.543,90,0,0,0.1666667
platform,3,-1.4,0.543,90,0,0,0.1666667
platform,7,-2.13,-0.49,0,0,0,0
platform,3,-0.68,0.543,90,0,0,0
platform,7,2.04,-0.49,0,0,0,0.1666667
platform,3,0.11,0.543,90,180,0,0.1666667
platform,7,-2.13,-0.49,0,0,0,0
platform,3,0.87,0.543,90,180,0,0
platform,7,2.04,-0.49,0,0,0,0.1666667
platform,3,1.5,0.543,90,180,0,0.1666667
platform,7,2.04,-0.49,0,0,0,0
platform,7,-2.13,-0.49,0,0,0,0
platform,3,2.12,0.543,90,180,0,0.1666667
platform,3,2.35,0.543,90,180,0,0.1666667
platform,7,2.04,-0.49,0,0,0,0
platform,3,2.12,0.543,90,180,0,0
platform,7,-2.13,-0.49,0,0,0,0.125
platform,3,1.82,0.543,90,180,0,0.125
platform,3,1.34,0.543,90,180,0,0.08333334
platform,7,-2.13,-0.49,0,0,0,0
platform,7,2.04,-0.49,0,0,0,0.08333334
platform,3,0.86,0.543,90,180,0,0.1666667
platform,3,0.37,0.543,90,180,0,0.08333334
platform,7,2.04,-0.49,0,0,0,0
platform,7,-2.13,-0.49,0,0,0,0.3333333
platform,7,-2.13,-0.49,0,0,0,0
platform,7,2.04,-0.49,0,0,0,0.25
platform,1,3,-0.223,0,0,0,0
platform,1,-3.12,-0.223,0,0,0,1.25
platform,7,-4.83,-0.49,0,0,0,0
platform,7,4.42,-0.49,0,0,0,0.3333333
platform,7,-4.83,-0.49,0,0,0,0
platform,7,4.42,-0.49,0,0,0,0.3333333
platform,7,-4.83,-0.49,0,0,0,0
platform,7,4.42,-0.49,0,0,0,0.3333333
platform,7,4.42,-0.49,0,0,0,0
platform,7,-4.83,-0.49,0,0,0,0.25
platform,1,-5.82,-0.223,0,0,0,0
platform,1,-3.8,-0.223,0,0,0,0
platform,1,3.43,-0.223,0,0,0,0
platform,1,5.45,-0.223,0,0,0,1.333333
platform,7,-2.13,-0.49,0,0,0,0
platform,7,2.04,-0.49,0,0,0,0.25
platform,7,2.04,-0.49,0,0,0,0
platform,7,-2.13,-0.49,0,0,0,0.25
platform,3,-0.15,0.543,90,359.0533,0,0.08333334
platform,7,2.04,-0.49,0,0,0,0
platform,7,-2.13,-0.49,0,0,0,0.08333334
platform,3,-0.67,0.543,90,359.0533,0,0.1666667
platform,3,-1.18,0.543,90,359.0533,0,0.08333334
platform,7,-2.13,-0.49,0,0,0,0
platform,7,2.04,-0.49,0,0,0,0.04166667
platform,3,-1.69,0.543,90,359.0533,0,0.125
platform,3,-2.01,0.543,90,359.0533,0,0.1666667
platform,7,-2.13,-0.49,0,0,0,0
platform,7,2.04,-0.49,0,0,0,0
platform,3,-2.27,0.543,90,359.0533,0,0.1666667
platform,3,-2.08,0.543,90,359.0533,0,0.1666667
platform,7,2.04,-0.49,0,0,0,0
platform,3,-1.49,0.543,90,359.0533,0,0
platform,7,-2.13,-0.49,0,0,0,0.1666667
platform,3,-0.89,0.543,90,359.0533,0,0.1666667
platform,3,-0.17,0.543,90,359.0533,0,0
platform,7,-2.13,-0.49,0,0,0,0
platform,7,2.04,-0.49,0,0,0,0.1666667
platform,3,0.59,0.543,90,179.0533,0,0.1666667
platform,7,2.04,-0.49,0,0,0,0
platform,3,1.28,0.543,90,179.0533,0,0
platform,7,-2.13,-0.49,0,0,0,0.1666667
platform,3,1.83,0.543,90,179.0533,0,0.1666667
platform,3,2.37,0.543,90,179.0533,0,0
platform,7,2.04,-0.49,0,0,0,0
platform,7,-2.13,-0.49,0,0,0,0.1666667
platform,3,2.51,0.543,90,179.0533,0,0.125
platform,3,2.2,0.543,90,179.0533,0,0.04166667
platform,7,2.04,-0.49,0,0,0,0
platform,7,-2.13,-0.49,0,0,0,0.08333334
platform,3,1.84,0.543,90,179.0533,0,0.1666667
platform,3,1.26,0.543,90,179.0533,0,0.08333334
platform,7,2.04,-0.49,0,0,0,0
platform,7,-2.13,-0.49,0,0,0,0.08333334
platform,3,0.7,0.543,90,179.0533,0,0.1666667
platform,3,0.13,0.543,90,179.0533,0,0.08333334
platform,7,2.04,-0.49,0,0,0,0
platform,7,-2.13,-0.49,0,0,0,0.3416646
platform,7,-2.13,-0.49,0,0,0,0
platform,7,2.04,-0.49,0,0,0,0.25
platform,1,3,-0.223,0,0,0,0
platform,1,-3.12,-0.223,0,0,0,1.174998
platform,7,4.42,-0.49,0,0,0,0
platform,7,-4.83,-0.49,0,0,0,0.3333333
platform,7,-4.83,-0.49,0,0,0,0
platform,7,4.42,-0.49,0,0,0,0.3333333
platform,7,-4.83,-0.49,0,0,0,0
platform,7,4.42,-0.49,0,0,0,0.3333333
platform,7,4.42,-0.49,0,0,0,0
platform,7,-4.83,-0.49,0,0,0,0.25
platform,1,-3.8,-0.223,0,0,0,0
platform,1,3.43,-0.223,0,0,0,0
platform,1,5.45,-0.223,0,0,0,0
platform,1,-5.82,-0.223,0,0,0,1.375
platform,7,-0.1,0,0,180,0,0.3166707
platform,7,-0.1,0,0,180,0,0.3166656
platform,7,-0.1,0,0,180,0,0.3333333
platform,7,-0.1,0,0,180,0,0.1666667
platform,7,-2.3,0,0,180,0,0.1666667
platform,7,-4.4,0,0,180,0,0
platform,1,-6.7,1.5,90,90.00001,0,0.1666667
platform,1,-6.7,1.5,90,90.00001,0,0.1666667
platform,1,-6.7,1.5,90,90.00001,0,0
platform,7,-4.4,0,0,180,0,0.1666667
platform,7,-2.3,0,0,180,0,0.1666667
platform,7,-0.3,0,0,180,0,0.1666667
platform,1,4,1.5,90,270,0,0
platform,7,1.8,0,0,180,0,0.1666667
platform,1,4,1.5,90,270,0,0.1666667
platform,7,1.8,0,0,180,0,0
platform,1,4,1.5,90,270,0,0.1666667
platform,7,-0.2,0,0,180,0,0.1666667
platform,7,-2.3,0,0,180,0,0.1666667
platform,7,-4.4,0,0,180,0,0.008331299
platform,1,-6.7,1.5,90,90.00001,0,0.1666667
platform,1,-6.7,1.5,90,90.00001,0,0.1666667
platform,7,-4.4,0,0,180,0,0
platform,1,-6.7,1.5,90,90.00001,0,0.1666667
platform,7,-2.3,0,0,180,0,0.1666667
platform,7,-0.4,0,0,180,0,0.1666667
platform,7,1.7,0,0,180,0,0
platform,1,4,1.5,90,270,0,0.1666667
platform,1,4,1.5,90,270,0,0.1666667
platform,7,1.7,0,0,180,0,0
platform,1,4,1.5,90,270,0,0.1666718
platform,7,-0.2,0,0,180,0,0.1666667
platform,7,-2.3,0,0,180,0,0.1666667
platform,7,-4.4,0,0,180,0,0.008331299
platform,1,-6.7,1.5,90,90.00001,0,0.1666667
platform,1,-6.7,1.5,90,90.00001,0,0.1666667
platform,1,-6.7,1.5,90,90.00001,0,0
platform,7,-4.4,0,0,180,0,0.1666667
platform,7,-2.5,0,0,180,0,0.1666667
platform,7,-0.2,0,0,180,0,0.3416646
platform,7,-0.19,0,0,180,0,0.3166707
platform,7,-0.19,0,0,180,0,0.2583313
platform,1,-1.19,0.166,0,179.8928,0,0
platform,1,0.81,0.166,0,179.8928,0,1.241669
platform,7,0,0,0,0,0,0.3333333
platform,7,0,0,0,0,0,0.3333333
platform,7,0,0,0,0,0,0.3333333
platform,7,0,0,0,0,0,0.08349609
platform,1,-3.167,0.166,0,0,0,0.000579834
platform,1,3.177,0.166,0,0,0,0.0920817
platform,0,1.334,1.06,90,0,0,0
platform,0,-1.37,1.06,90,0,0,0
platform,0,0.047,1.06,90,0,0,1.140503
platform,7,-4.83,-0.49,0,0,0,0
platform,7,4.42,-0.49,0,0,0,0.3333333
platform,7,4.42,-0.49,0,0,0,0
platform,7,-4.83,-0.49,0,0,0,0.3333333
platform,7,-4.83,-0.49,0,0,0,0
platform,7,4.42,-0.49,0,0,0,0.3333333
platform,7,-4.83,-0.49,0,0,0,0
platform,7,4.42,-0.49,0,0,0,0.25
platform,1,5.45,-0.223,0,0,0,0
platform,1,-5.82,-0.223,0,0,0,0
platform,1,-3.8,-0.223,0,0,0,0
platform,1,3.43,-0.223,0,0,0,10
