platformPoolCount,9
definePlatformPool,Set1WoodBlock,30
definePlatformPool,Set1Spring,20
definePlatformPool,Set1Plank,100
definePlatformPool,Set1Spinner,20
definePlatformPool,Set1Wall,50
definePlatformPool,Coin,20
definePlatformPool,Set1EndBox,1
definePlatformPool,Set1Spike,200
definePlatformPool,CoinPlus,5
introPlatform,7,-1.98,3.843,2.075,270.0198,0,0,0
introPlatform,7,2.019,3.843,2.075,270.0198,0,0,0
introPlatform,2,2,1.55,3.55,90,90,0,0
introPlatform,2,0,0,3.55,0,0,0,0
introPlatform,2,-2,1.55,3.55,90,90,0,0
introPlatform,7,-1.98,3.843,4.07,270.0198,0,0,0
introPlatform,7,2.019,3.843,4.07,270.0198,0,0,0
introPlatform,7,-1.98,3.843,6.07,270.0198,0,0,0
introPlatform,7,2.019,3.843,6.07,270.0198,0,0,0
introPlatform,2,2,1.55,7.55,90,90,0,0
introPlatform,2,-2,1.55,7.55,90,90,0,0
introPlatform,2,0,0,7.72,0,0,0,0
introPlatform,7,-1.98,3.843,8.07,270.0198,0,0,0
introPlatform,7,2.019,3.843,8.07,270.0198,0,0,0
introPlatform,7,0.02,3.843,10.07,270.0198,0,0,0
introPlatform,7,-1.98,3.843,10.07,270.0198,0,0,0
introPlatform,7,2.019,3.843,10.07,270.0198,0,0,0
introPlatform,2,0,3.08,10.55,0,0,0,0
introPlatform,2,-2,1.55,11.55,90,90,0,0
introPlatform,2,2,1.55,11.55,90,90,0,0
introPlatform,2,0,0,11.55,0,0,0,0
introPlatform,7,0.02,3.843,12.07,270.0198,0,0,0
introPlatform,7,-1.98,3.843,12.07,270.0198,0,0,0
introPlatform,7,2.019,3.843,12.07,270.0198,0,0,0
introPlatform,7,-1.98,3.843,14.07,270.0198,0,0,0
introPlatform,7,2.019,3.843,14.07,270.0198,0,0,0
introPlatform,2,2,1.55,15.55,90,90,0,0
introPlatform,2,-2,1.55,15.55,90,90,0,0
introPlatform,2,0,0,15.72,0,0,0,0
introPlatform,7,-1.98,3.843,16.07,270.0198,0,0,0
introPlatform,7,2.019,3.843,16.07,270.0198,0,0,0
introPlatform,7,2.019,3.843,18.07,270.0198,0,0,0
introPlatform,7,-1.98,3.843,18.07,270.0198,0,0,0
introPlatform,2,2,1.55,19.55,90,90,0,0
introPlatform,2,-2,1.55,19.55,90,90,0,0
introPlatform,2,0,0,19.55,0,0,0,0
introPlatform,7,2.019,3.843,20.07,270.0198,0,0,0
introPlatform,7,-1.98,3.843,20.07,270.0198,0,0,0
introPlatform,7,0.02,3.843,20.07,270.0198,0,0,0
introPlatform,2,0,3.08,20.55,0,0,0,0
introPlatform,7,-1.98,3.843,22.07,270.0198,0,0,0
introPlatform,7,2.019,3.843,22.07,270.0198,0,0,0
introPlatform,7,0.02,3.843,22.07,270.0198,0,0,0
introPlatform,2,-2,1.55,23.55,90,90,0,0
introPlatform,2,2,1.55,23.55,90,90,0,0
introPlatform,2,0,0,23.72,0,0,0,0
introPlatform,7,-1.98,3.843,24.07,270.0198,0,0,0
introPlatform,7,2.019,3.843,24.07,270.0198,0,0,0
introPlatform,7,-1.98,3.843,26.07,270.0198,0,0,0
introPlatform,7,2.019,3.843,26.07,270.0198,0,0,0
introPlatform,2,0,0,27.55,0,0,0,0
introPlatform,2,-2,1.55,27.55,90,90,0,0
introPlatform,2,2,1.55,27.55,90,90,0,0
introPlatform,7,2.019,3.843,28.07,270.0198,0,0,0
introPlatform,7,-1.98,3.843,28.07,270.0198,0,0,0
introPlatform,7,2.019,3.843,30.07,270.0198,0,0,0
introPlatform,7,0.02,3.843,30.07,270.0198,0,0,0
introPlatform,7,-1.98,3.843,30.07,270.0198,0,0,0
introPlatform,2,2,1.55,31.55,90,90,0,0
introPlatform,2,0,3.08,31.55,0,0,0,0
introPlatform,2,-2,1.55,31.55,90,90,0,0
introPlatform,2,0,0,31.72,0,0,0,0
introPlatform,7,2.019,3.843,32.07,270.0198,0,0,0
introPlatform,7,-1.98,3.843,32.07,270.0198,0,0,0
introPlatform,7,0.02,3.843,32.07,270.0198,0,0,0
introPlatform,1,0.023,0.256,34.843,0,0,0,0.6
platform,0,0,0,0,0,0,0.8833332
platform,0,-1,0,0,0,0,0.8916671
platform,0,-2,0,0,0,0,0.901666
platform,2,0,0,0,0,0,0.3333333
platform,2,2,-1,0,0,0,0
platform,2,0,0,0,0,0,0
platform,2,-2,-1,0,0,0,0.2000001
platform,4,-1.059,0.47,90,0,0,0
platform,4,0.94,0.47,90,0,0,0.1333332
platform,2,-2,-1,0,0,0,0
platform,2,0,0,0,0,0,0
platform,2,-2,-0.52,345,0,0,0
platform,2,2,-0.52,345,0,0,0.22
platform,5,3.14,1.21,90,0,0,0.08333334
platform,5,2.37,1.611,90,0,0,0.03000005
platform,2,0,0,0,0,0,0.05333328
platform,5,1.474,1.21,90,0,0,0.2800001
platform,2,0,0.69,340,0,0,0.2091668
platform,2,0,1.87,320,0,0,1.300166
platform,0,0,0,0,0,0,0.8833332
platform,0,2,0,0,0,0,0.8916671
platform,0,-2,0,0,0,0,0.9623337
platform,2,1.93,0,0,0,0,0.3333333
platform,2,1.93,0,0,0,0,0
platform,2,3.93,-1,0,0,0,0.1999995
platform,4,0.87,0.472,90,0,0,0
platform,4,2.87,0.472,90,0,0,0.1333338
platform,2,1.93,0,0,0,0,0
platform,2,3.93,-0.52,345,0,0,0.3333333
platform,2,1.93,0,0,0,0,0.3333333
platform,2,1.93,0.69,340,0,0,0.2083333
platform,2,1.93,1.87,320,0,0,1.283333
platform,0,0,0,0,0,0,0.8833339
platform,0,2,0,0,0,0,0.8916664
platform,0,-2,0,0,0,0,0.7333336
platform,2,-0.07,0,0,0,0,0.3333333
platform,2,-0.07,0,0,0,0,0.3333333
platform,2,-0.07,-1.28,0,0,0,0
platform,2,1.46,-1.53,90,90,0,0
platform,2,-1.6,-1.53,90,90,0,0.06958262
platform,4,0.87,1.57,90,0,0,0
platform,4,-1.13,1.57,90,0,0,0.2637507
platform,2,-0.07,-0.7,345,0,0,0
platform,2,1.46,-1.53,90,90,0,0
platform,2,-1.6,-1.53,90,90,0,0.3333333
platform,2,-0.07,0,0,0,0,0.3333333
platform,2,-0.07,0.69,340,0,0,0.2083333
platform,2,-0.07,1.87,320,0,0,1.283333
platform,0,0,0,0,0,0,0.8833415
platform,0,-1,0,0,0,0,0.8916626
platform,0,-3,0,0,0,0,0.9583333
platform,2,-4.4,0,0,0,0,0
platform,2,-4.4,-1,0,0,0,0.3333333
platform,2,-4.4,0,0,0,0,0
platform,2,-4.4,-1,0,0,0,0.2666626
platform,2,-3.7,-1,0,25,0,0
platform,2,-3.7,0,0,25,0,0.3000081
platform,2,-2,0,0,25,0,0
platform,2,-2,-1,0,25,0,0.1491597
platform,5,-0.98,0.99,90,25,0,0.150828
platform,2,-0.3,0,0,25,0,0
platform,2,-0.3,-1,0,25,0,5.086263E-06
platform,5,-0.13,0.99,90,25,0,0.1508331
platform,5,0.72,0.99,90,25,0,0.1491699
platform,2,1.4,0,0,25,0,0
platform,2,1.4,-1,0,25,0,0.3043289
platform,2,3.102,-1,0,25,0,0
platform,2,3.102,0,0,25,0,0.2623418
platform,2,3.79,-1,0,0,0,0
platform,2,3.79,0,0,0,0,0.3333333
platform,2,3.79,0,0,0,0,0.02915955
platform,8,2.984,1.138,90,0,0,0.02916972
platform,2,3.79,0.2,340,0,0,0.1166585
platform,2,3.79,0.69,320,0,0,0.007420858
platform,7,2.192,1.748,310,180,180,0
platform,7,2.972,1.748,310,180,180,0
platform,7,3.792,1.748,310,180,180,0.05108388
platform,7,2.192,2.349,310,180,180,0
platform,7,3.792,2.349,310,180,180,0
platform,7,2.972,2.349,310,180,180,1.074837
platform,0,0,0,0,0,0,0.8916626
platform,0,-2,0,0,0,0,0.8916626
platform,0,2,0,0,0,0,1.008341
platform,2,4.4,-1,0,0,0,0
platform,2,4.4,0,0,0,0,0.3333333
platform,2,4.4,-1,0,0,0,0
platform,2,4.4,0,0,0,0,0.2666626
platform,2,3.7,0,0,335,0,0
platform,2,3.7,-1,0,335,0,0.3000081
platform,2,2,0,0,335,0,0
platform,2,2,-1,0,335,0,0.09915924
platform,5,1.58,0.99,90,335,0,0.1508331
platform,5,0.73,0.99,90,335,0,0.04999542
platform,2,0.3,0,0,335,0,0
platform,2,0.3,-1,0,335,0,0.1008377
platform,5,-0.12,0.99,90,335,0,0.1991704
platform,2,-1.4,-1,0,335,0,0
platform,2,-1.4,0,0,335,0,0.3049952
platform,2,-3.08,0,0,335,0,0
platform,2,-3.08,-1,0,335,0,0.2616755
platform,2,-3.77,0,0,0,0,0
platform,2,-3.77,-1,0,0,0,0.3333333
platform,2,-3.77,0,0,0,0,0.0208257
platform,8,-3.03,1.27,90,0,0,0.03750356
platform,2,-3.77,0.2,340,0,0,0.1166585
platform,2,-3.77,0.69,320,0,0,0.007336935
platform,7,-3.83,1.763,310,180,180,0
platform,7,-3.05,1.763,310,180,180,0
platform,7,-2.23,1.763,310,180,180,0.04933421
platform,7,-2.23,2.32,310,180,180,0
platform,7,-3.05,2.32,310,180,180,0
platform,7,-3.83,2.32,310,180,180,1.07667
platform,0,0,0,0,0,0,0.8916626
platform,0,-2,0,0,0,0,0.8916626
platform,0,2,0,0,0,0,1.025004
platform,2,4,-1.49,0,0,0,0
platform,2,-4,-1.49,0,0,0,0
platform,2,0,-1.49,0,0,0,0
platform,2,-4,-0.49,0,0,0,0
platform,2,4,-0.49,0,0,0,0
platform,2,0,-0.49,0,0,0,0.3333333
platform,2,-4,-1.49,0,0,0,0
platform,2,-4,-0.49,0,0,0,0
platform,2,4,-1.49,0,0,0,0
platform,2,0,-0.49,0,0,0,0
platform,2,4,-0.49,0,0,0,0.1166662
platform,5,4.18,0.541,90,0,0,0.1666667
platform,5,4.18,0.541,90,0,0,0.05000051
platform,2,4,-0.49,0,0,0,0
platform,2,-4,-0.49,0,0,0,0
platform,2,0,-0.49,0,0,0,0.1166662
platform,5,4.18,0.541,90,0,0,0.2166672
platform,2,4,-0.49,0,0,0,0
platform,2,-4,-0.49,0,0,0,0
platform,2,0,-0.49,0,0,0,0.3333333
platform,2,0,0.27,340,0,0,0
platform,2,4,-0.49,0,0,0,0
platform,2,0,-0.49,0,0,0,0
platform,2,-4,-0.49,0,0,0,0.05000814
platform,7,-5.69,0.29,0,180,180,0
platform,7,5.27,0.29,0,180,180,0
platform,7,-3.4,0.29,0,180,180,0
platform,7,3.88,0.29,0,180,180,0
platform,7,-4.79,0.29,0,180,180,0
platform,7,-2.95,0.29,0,180,180,0
platform,7,4.8,0.29,0,180,180,0
platform,7,-4.32,0.29,0,180,180,0
platform,7,3.43,0.29,0,180,180,0
platform,7,5.72,0.29,0,180,180,0
platform,7,-2.35,0.29,0,180,180,0
platform,7,2.5,0.29,0,180,180,0
platform,7,2.96,0.29,0,180,180,0
platform,7,-3.85,0.29,0,180,180,0
platform,7,4.33,0.29,0,180,180,0
platform,7,-5.24,0.29,0,180,180,0.06665039
platform,2,-3.97,-1.21,90,0,0,0
platform,7,4.72,1.061,270,0,0,0
platform,7,2.42,1.061,270,0,0,0
platform,7,-2.95,1.061,270,0,0,0
platform,7,-4.32,1.061,270,0,0,0
platform,7,-5.24,1.061,270,0,0,0
platform,7,-3.85,1.061,270,0,0,0
platform,7,-3.4,1.061,270,0,0,0
platform,7,3.33,1.061,270,0,0,0
platform,7,2.88,1.061,270,0,0,0
platform,2,3.98,-1.21,90,0,0,0
platform,7,4.24,1.061,270,0,0,0
platform,7,-4.79,1.061,270,0,0,0
platform,7,5.61,1.061,270,0,0,0
platform,7,5.17,1.061,270,0,0,0
platform,7,-5.69,1.061,270,0,0,0
platform,7,-2.39,1.061,270,0,0,0
platform,7,3.77,1.061,270,0,0,0.05000814
platform,5,-0.1,2.25,90,0,0,0.1666667
platform,2,-4,-0.49,0,0,0,0
platform,5,0.9,2.5,90,0,0,0
platform,2,4,-0.49,0,0,0,0
platform,2,0,-0.49,0,0,0,0.1666667
platform,5,1.9,2.25,90,0,0,0.1666667
platform,2,-4,-0.49,0,0,0,0
platform,2,0,-0.49,0,0,0,0
platform,2,4,-0.49,0,0,0,0.3333333
platform,2,-4,-0.49,0,0,0,0
platform,2,4,-0.49,0,0,0,0
platform,2,0,-0.49,0,0,0,0.3333333
platform,2,4,-0.49,0,0,0,0
platform,2,-4,-0.49,0,0,0,0
platform,2,0,-0.49,0,0,0,0.3416748
platform,2,4,-0.49,0,0,0,0.3333333
platform,2,4,0.2,340,0,0,0.2083333
platform,2,4,1.38,320,0,0,1.242325
platform,0,0,0,0,0,0,0.8833339
platform,0,1,0,0,0,0,0.8916652
platform,0,-1,0,0,0,0,0.8916677
platform,0,-3,0,0,0,0,0.8916677
platform,0,0,0,0,0,0,0.907664
platform,2,2.19,0,0,0,0,0.3333333
platform,2,2.19,0,0,0,0,0.3333333
platform,2,0.19,-1,0,0,0,0
platform,2,2.19,0,0,0,0,0
platform,2,4.19,-1,0,0,0,0.200002
platform,4,3.13,0.47,90,0,0,0
platform,4,1.13,0.47,90,0,0,0.1333313
platform,2,0.19,-0.52,345,0,0,0
platform,2,0.19,-1,0,0,0,0
platform,2,2.19,0,0,0,0,0
platform,2,4.19,-0.52,345,0,0,0.08283488
platform,7,5.904,0.53,285,180,180,0
platform,7,5.311,0.53,285,180,180,0
platform,7,4.624,0.53,285,180,180,0.2504984
platform,2,2.19,0,0,0,0,0.3333333
platform,2,2.19,0,0,0,0,0.3333333
platform,2,2.19,0,0,0,0,0.3333333
platform,2,2.19,0,0,0,0,0
platform,2,4.19,-1,0,0,0,0
platform,2,0.19,-1,0,0,0,0.200002
platform,4,1.13,0.47,90,0,0,0
platform,4,3.13,0.47,90,0,0,0.1333313
platform,2,2.19,0,0,0,0,0
platform,2,0.19,-0.52,345,0,0,0
platform,2,4.19,-0.52,345,0,0,0.09916687
platform,7,-0.271,0.584,285,180,180,0
platform,7,-1.551,0.584,285,180,180,0
platform,7,-0.861,0.584,285,180,180,0.2341665
platform,2,2.19,0,0,0,0,0.3333333
platform,2,2.19,0,0,0,0,0.3333333
platform,2,2.19,0,0,0,0,0.3333333
platform,2,2.19,0,0,0,0,0
platform,2,0.19,-1,0,0,0,0.200002
platform,4,3.13,0.47,90,0,0,0
platform,4,1.13,0.47,90,0,0,0.1333313
platform,2,0.19,-0.52,345,0,0,0
platform,2,2.19,0,0,0,0,0.5833333
platform,2,-3.81,0,0,0,0,0.3333333
platform,2,-3.81,0,0,0,0,0.3333333
platform,2,-5.81,-1,0,0,0,0
platform,2,-3.81,0,0,0,0,0
platform,2,-1.81,-1,0,0,0,0.200002
platform,4,-4.87,0.47,90,0,0,0
platform,4,-2.87,0.47,90,0,0,0.1333313
platform,2,-3.81,0,0,0,0,0
platform,2,-1.81,-0.52,345,0,0,0
platform,2,-5.81,-0.52,345,0,0,0.09091695
platform,7,-0.69,0.547,285,180,180,0
platform,7,-0.1,0.547,285,180,180,0
platform,7,-1.38,0.547,285,180,180,0.2424164
platform,2,-3.81,0,0,0,0,0.3333333
platform,2,-3.81,0,0,0,0,0.3333333
platform,2,-3.81,0,0,0,0,0.3333333
platform,2,-3.81,0,0,0,0,0
platform,2,-1.81,-1,0,0,0,0.200002
platform,4,-4.87,0.47,90,0,0,0
platform,4,-2.87,0.47,90,0,0,0.1333313
platform,2,-3.81,0,0,0,0,0
platform,2,-1.81,-0.52,345,0,0,0.5833333
platform,2,2.19,0,0,0,0,0.3333333
platform,2,2.19,0,0,0,0,0.3333333
platform,2,2.19,0,0,0,0,0
platform,2,4.19,-1,0,0,0,0
platform,2,0.19,-1,0,0,0,0.200002
platform,4,1.13,0.47,90,0,0,0
platform,4,3.13,0.47,90,0,0,0.1333313
platform,2,0.19,-1,0,0,0,0
platform,2,2.19,0,0,0,0,0
platform,2,4.19,-0.52,345,0,0,0
platform,2,0.19,-0.52,345,0,0,0.2508341
platform,5,4.6,1,90,0,0,0.08333334
platform,5,3.6,1,90,0,0,0.08333334
platform,5,2.6,1,90,0,0,0.08333334
platform,5,1.6,1,90,0,0,0.3133341
platform,2,-0.07,-1.21,0,0,0,0.3433329
platform,2,-0.07,-2.49,0,0,0,0
platform,2,-1.6,-2.74,90,90,0,0
platform,2,1.46,-2.74,90,90,0,0.325002
platform,4,-1.13,0.76,90,0,0,0
platform,4,0.87,0.76,90,0,0,0.01666768
platform,2,-1.6,-2.74,90,90,0,0
platform,2,-0.07,-2.49,0,0,0,0
platform,2,1.46,-2.74,90,90,0,0.3424988
platform,2,-0.07,-1.91,345,0,0,0
platform,2,-1.6,-2.74,90,90,0,0
platform,2,1.46,-2.74,90,90,0,0.3333333
platform,2,-0.07,-1.21,0,0,0,0.3416646
platform,2,-0.07,-0.52,340,0,0,0.125
platform,2,-0.07,0.66,320,0,0,0.01441956
platform,7,-0.036,1.763,310,180,180,0
platform,7,0.744,1.763,310,180,180,0
platform,7,1.564,1.763,310,180,180,0.04999797
platform,7,0.744,2.32,310,180,180,0
platform,7,1.564,2.32,310,180,180,0
platform,7,-0.036,2.32,310,180,180,1.163249
platform,0,0,0,0,0,0,0.8916677
platform,0,-2,0,0,0,0,0.8916677
platform,0,2,0,0,0,0,0.9773305
platform,2,-0.4,-1,0,0,0,0
platform,2,-0.4,0,0,0,0,0.3333333
platform,2,-0.4,0,0,0,0,0
platform,2,-0.4,-1,0,0,0,0.25
platform,2,0.3,-1,0,25,0,0
platform,2,0.3,0,0,25,0,0.3025004
platform,2,1.99,-1,0,25,0,0
platform,2,1.99,0,0,25,0,0.2649994
platform,2,2.7,-1,0,0,0,0
platform,2,2.7,0,0,0,0,0.01500448
platform,5,2.72,1.1,90,0,0,0.1666667
platform,5,2.72,1.1,90,0,0,0.1516622
platform,2,2.7,-1,0,0,0,0
platform,2,2.7,0,0,0,0,0.01500448
platform,5,2.72,1.1,90,0,0,0.2508291
platform,2,2,0,0,335,0,0
platform,2,2,-1,0,335,0,0.3025004
platform,2,0.31,0,0,335,0,0
platform,2,0.31,-1,0,335,0,0.2666677
platform,2,-0.3,-1,0,0,0,0
platform,2,-0.3,0,0,0,0,0.008336385
platform,5,-0.36,1.1,90,0,0,0.1666667
platform,5,-0.36,1.1,90,0,0,0.1583303
platform,2,-0.3,-1,0,0,0,0
platform,2,-0.3,0,0,0,0,0.008336385
platform,5,-0.36,1.1,90,0,0,0.2558289
platform,2,0.4,-1,0,25,0,0
platform,2,0.4,0,0,25,0,0.3025004
platform,2,2.09,-1,0,25,0,0
platform,2,2.09,0,0,25,0,0.2641703
platform,2,2.8,-1,0,0,0,0
platform,2,2.8,0,0,0,0,0.3333333
platform,2,2.8,0.2,340,0,0,0
platform,2,2.8,0,0,0,0,0.1416626
platform,2,2.8,0.69,320,0,0,0.01166789
platform,7,4.31,1.763,310,180,180,0
platform,7,1.24,1.763,310,180,180,0
platform,7,3.53,1.763,310,180,180,0
platform,7,2.02,1.763,310,180,180,0.04825338
platform,7,1.24,2.316,310,180,180,0
platform,7,4.31,2.316,310,180,180,0
platform,7,3.53,2.316,310,180,180,0
platform,7,2.02,2.316,310,180,180,1.058914
platform,0,0,0,0,0,0,0.8916677
platform,0,-2,0,0,0,0,0.8916677
platform,0,2,0,0,0,0,0.9561666
platform,2,4.399,-1,0,0,0,0
platform,2,4.399,0,0,0,0,0.3333333
platform,2,4.399,0,0,0,0,0
platform,2,4.399,-1,0,0,0,0.2666626
platform,2,3.71,0,0,335,0,0
platform,2,3.71,-1,0,335,0,0.3000031
platform,2,2.02,-1,0,335,0,0
platform,2,2.02,0,0,335,0,0.2191671
platform,5,1.35,1.1,90,0,0,0.04750061
platform,2,1.4,-1,0,0,0,0
platform,2,1.4,0,0,0,0,0.1191661
platform,5,1.35,1.1,90,0,0,0.1666667
platform,5,1.35,1.1,90,0,0,0.04750061
platform,2,1.4,0,0,0,0,0
platform,2,1.4,-1,0,0,0,0.2583313
platform,2,0.69,0,0,335,0,0
platform,2,0.69,-1,0,335,0,0.299998
platform,2,-1,0,0,335,0,0
platform,2,-1,-1,0,335,0,0.2516683
platform,5,-1.65,1.1,90,0,0,0.01499939
platform,2,-1.66,0,0,0,0,0
platform,2,-1.66,-1,0,0,0,0.1516673
platform,5,-1.65,1.1,90,0,0,0.1666667
platform,5,-1.65,1.1,90,0,0,0.01499939
platform,2,-1.66,-1,0,0,0,0
platform,2,-1.66,0,0,0,0,0.2583364
platform,2,-2.39,-1,0,335,0,0
platform,2,-2.39,0,0,335,0,0.2583313
platform,2,-3.08,0,0,0,0,0
platform,2,-3.08,-1,0,0,0,0.3333333
platform,2,-3.08,0,0,0,0,0.05833435
platform,2,-3.08,0.2,340,0,0,0.1166636
platform,2,-3.08,0.69,320,0,0,0.01358541
platform,7,-1.69,1.763,310,180,180,0
platform,7,-2.45,1.763,310,180,180,0
platform,7,-3.254,1.763,310,180,180,0.04999797
platform,7,-2.45,2.316,310,180,180,0
platform,7,-1.69,2.316,310,180,180,0
platform,7,-3.254,2.316,310,180,180,1.075668
platform,0,0,0,0,0,0,0.8916677
platform,0,-2,0,0,0,0,0.8916677
platform,0,2,0,0,0,0,0.9390818
platform,2,0.04,0,0,0,0,0.3333333
platform,2,0.04,0,0,0,0,0.25
platform,2,-0.5,0,0,345,0,0
platform,2,0.5,0,0,15,0,0.3216654
platform,2,-1.54,0,0,345,0,0
platform,2,1.54,0,0,15,0,0.3224996
platform,2,2.57,0,0,15,0,0
platform,2,-2.57,0,0,345,0,0.3216705
platform,2,3.61,0,0,15,0,0
platform,2,-3.61,0,0,345,0,0.1816661
platform,2,-0.05,-3.65,0,0,0,0
platform,1,0,-3,0,0,0,0.1184998
platform,2,-4.065,0,0,0,0,0
platform,2,4.065,0,0,0,0,0.01733398
platform,7,-4.66,0.75,270,0,0,0
platform,7,-5.67,0.75,270,0,0,0
platform,7,-2.59,0.75,270,0,0,0
platform,7,-4.16,0.75,270,0,0,0
platform,7,-3.12,0.75,270,0,0,0
platform,7,-3.65,0.75,270,0,0,0
platform,7,-5.16,0.75,270,0,0,0.2833303
platform,2,3.588,0,0,345,0,0
platform,2,-3.588,0,0,15,0,0.1292521
platform,8,0,1.971,90,0,0,0.1924133
platform,2,-2.55,0,0,15,0,0
platform,2,2.55,0,0,345,0,0.3225047
platform,2,1.52,0,0,345,0,0
platform,2,-1.52,0,0,15,0,0.3216654
platform,2,-0.48,0,0,15,0,0
platform,2,0.48,0,0,345,0,0.3008321
platform,2,0.04,0,0,0,0,0.3333333
platform,2,0.04,0,0,0,0,0.3333333
platform,2,0.03,0,0,0,0,0.3333333
platform,2,0.03,0,0,0,0,0
platform,2,0.03,0.2,340,0,0,0.1666667
platform,2,0.03,0.69,320,0,0,1.240845
platform,2,-4,-0.49,0,0,0,0
platform,2,0,-0.49,0,0,0,0
platform,2,4,-0.49,0,0,0,0.01248678
platform,5,-0.82,0.541,90,0,0,0.1666667
platform,5,0.18,0.541,90,0,0,0.1541799
platform,2,0,-0.49,0,0,0,0
platform,2,-4,-0.49,0,0,0,0
platform,2,4,-0.49,0,0,0,0.01248678
platform,5,1.18,0.541,90,0,0,0.3208466
platform,2,4,0.27,340,0,0,0
platform,2,4,-0.49,0,0,0,0
platform,2,0,-0.49,0,0,0,0
platform,2,-4,-0.49,0,0,0,0.05000814
platform,7,-0.86,0.29,0,180,180,0
platform,7,-5.65,0.29,0,180,180,0
platform,7,-4.73,0.29,0,180,180,0
platform,7,-3.34,0.29,0,180,180,0
platform,7,-3.81,0.29,0,180,180,0
platform,7,0.51,0.29,0,180,180,0
platform,7,-0.41,0.29,0,180,180,0
platform,7,1.43,0.29,0,180,180,0
platform,7,0.98,0.29,0,180,180,0
platform,7,-2.44,0.29,0,180,180,0
platform,7,-5.18,0.29,0,180,180,0
platform,7,0.04,0.29,0,180,180,0
platform,7,-4.28,0.29,0,180,180,0
platform,7,-1.33,0.29,0,180,180,0
platform,7,-2.89,0.29,0,180,180,0
platform,7,-1.84,0.29,0,180,180,0
platform,7,1.88,0.29,0,180,180,0.06665039
platform,7,-5.65,1.061,270,0,0,0
platform,7,-3.34,1.061,270,0,0,0
platform,7,1.32,1.061,270,0,0,0
platform,7,-1.88,1.061,270,0,0,0
platform,7,-3.81,1.061,270,0,0,0
platform,7,-2.89,1.061,270,0,0,0
platform,7,-4.73,1.061,270,0,0,0
platform,7,-2.44,1.061,270,0,0,0
platform,7,-0.05,1.061,270,0,0,0
platform,2,-0.02,-1.21,90,0,0,0
platform,7,-0.96,1.061,270,0,0,0
platform,7,-5.18,1.061,270,0,0,0
platform,7,0.88,1.061,270,0,0,0
platform,7,-1.41,1.061,270,0,0,0
platform,7,1.8,1.061,270,0,0,0
platform,7,-0.52,1.061,270,0,0,0
platform,7,-4.28,1.061,270,0,0,0
platform,7,0.43,1.061,270,0,0,0
platform,2,-3.84,-1.21,90,0,0,0.05000814
platform,5,4.9,2.25,90,0,0,0.1666667
platform,5,3.9,2.5,90,0,0,0
platform,2,-4,-0.49,0,0,0,0
platform,2,4,-0.49,0,0,0,0
platform,2,0,-0.49,0,0,0,0.1666667
platform,5,2.9,2.25,90,0,0,0.1666667
platform,2,4,-0.49,0,0,0,0
platform,2,0,-0.49,0,0,0,0
platform,2,-4,-0.49,0,0,0,0.3333333
platform,2,-4,-0.49,0,0,0,0
platform,2,4,-0.49,0,0,0,0
platform,2,0,-0.49,0,0,0,0.3333333
platform,2,-4,-0.49,0,0,0,0
platform,2,0,-0.49,0,0,0,0
platform,2,4,-0.49,0,0,0,0.3416748
platform,2,-4,-0.49,0,0,0,0.3333333
platform,2,-4,0.2,340,0,0,0.2083333
platform,2,-4,1.38,320,0,0,1.283325
platform,2,-0.07,-1.21,0,0,0,0.3333333
platform,2,-0.07,-1.21,0,0,0,0.08333334
platform,4,-1.13,-0.64,90,0,0,0
platform,4,0.87,-0.64,90,0,0,0.25
platform,2,-0.07,-1.21,0,0,0,0.3333333
platform,2,-0.07,-1.21,0,0,0,0.3333333
platform,2,-0.07,-0.52,340,0,0,0.1666667
platform,2,-0.07,0.66,320,0,0,1.25
platform,2,2.19,0,0,0,0,0.3333333
platform,2,2.19,0,0,0,0,0.3333333
platform,2,2.19,0,0,0,0,0
platform,2,4.19,-1,0,0,0,0.1666667
platform,4,1.13,0.47,90,0,0,0
platform,4,3.13,0.47,90,0,0,0.1666667
platform,2,2.19,0,0,0,0,0
platform,2,4.19,-0.52,345,0,0,0.3333333
platform,2,2.19,0,0,0,0,0.3333333
platform,2,2.19,0,0,0,0,0.1750081
platform,2,2.19,-1.28,0,0,0,0.1666667
platform,2,3.72,-1.53,90,90,0,0
platform,2,0.66,-1.53,90,90,0,0.1666667
platform,2,2.19,-1.28,0,0,0,0.004984538
platform,4,3.13,1.57,90,0,0,0
platform,4,1.13,1.57,90,0,0,0.1616821
platform,2,3.72,-1.53,90,90,0,0
platform,2,0.66,-1.53,90,90,0,0.1666667
platform,2,2.19,-0.7,345,0,0,0.1666667
platform,2,0.66,-1.53,90,90,0,0
platform,2,3.72,-1.53,90,90,0,0.1583252
platform,2,2.19,0,0,0,0,0.3333333
platform,2,2.19,0,0,0,0,0.3333333
platform,2,2.19,0,0,0,0,0
platform,2,4.19,-1,0,0,0,0
platform,2,0.19,-1,0,0,0,0.1666667
platform,4,1.13,0.47,90,0,0,0
platform,4,3.13,0.47,90,0,0,0.1666667
platform,2,0.19,-0.52,345,0,0,0
platform,2,2.19,0,0,0,0,0
platform,2,4.19,-0.52,345,0,0,0.1091512
platform,7,-0.24,0.603,285,180,180,0
platform,7,-1.52,0.603,285,180,180,0
platform,7,-0.874,0.603,285,180,180,0.4741821
platform,2,0,-0.49,0,0,0,0
platform,2,4,-0.49,0,0,0,0
platform,2,-4,-0.49,0,0,0,0.3333333
platform,2,4,-0.49,0,0,0,0
platform,2,0,-0.49,0,0,0,0
platform,2,-4,-0.49,0,0,0,0.3333333
platform,2,-4,0.27,340,0,0,0
platform,2,-4,-0.49,0,0,0,0
platform,2,4,-0.49,0,0,0,0
platform,2,0,-0.49,0,0,0,0.05000814
platform,7,-0.73,0.29,0,180,180,0
platform,7,3.59,0.29,0,180,180,0
platform,7,1.56,0.29,0,180,180,0
platform,7,3.14,0.29,0,180,180,0
platform,7,4.04,0.29,0,180,180,0
platform,7,-1.18,0.29,0,180,180,0
platform,7,4.51,0.29,0,180,180,0
platform,7,4.98,0.29,0,180,180,0
platform,7,5.88,0.29,0,180,180,0
platform,7,0.19,0.29,0,180,180,0
platform,7,2.67,0.29,0,180,180,0
platform,7,0.66,0.29,0,180,180,0
platform,7,-1.65,0.29,0,180,180,0
platform,7,2.16,0.29,0,180,180,0
platform,7,1.11,0.29,0,180,180,0
platform,7,5.43,0.29,0,180,180,0
platform,7,-0.28,0.29,0,180,180,0.06665039
platform,7,5.8,1.061,270,0,0,0
platform,7,-0.73,1.061,270,0,0,0
platform,7,-0.28,1.061,270,0,0,0
platform,2,0.16,-1.21,90,0,0,0
platform,7,3.48,1.061,270,0,0,0
platform,7,4.88,1.061,270,0,0,0
platform,7,-1.18,1.061,270,0,0,0
platform,7,1.11,1.061,270,0,0,0
platform,7,5.32,1.061,270,0,0,0
platform,7,3.95,1.061,270,0,0,0
platform,7,3.04,1.061,270,0,0,0
platform,7,0.19,1.061,270,0,0,0
platform,2,3.98,-1.21,90,0,0,0
platform,7,0.66,1.061,270,0,0,0
platform,7,2.59,1.061,270,0,0,0
platform,7,2.12,1.061,270,0,0,0
platform,7,4.43,1.061,270,0,0,0
platform,7,-1.65,1.061,270,0,0,0
platform,7,1.56,1.061,270,0,0,0.05000814
platform,5,-5.1,2.25,90,0,0,0.1666667
platform,2,-4,-0.49,0,0,0,0
platform,2,4,-0.49,0,0,0,0
platform,5,-4.1,2.5,90,0,0,0
platform,2,0,-0.49,0,0,0,0.1666667
platform,5,-3.1,2.25,90,0,0,0.1666667
platform,2,4,-0.49,0,0,0,0
platform,2,0,-0.49,0,0,0,0
platform,2,-4,-0.49,0,0,0,0.3416748
platform,2,0,-0.49,0,0,0,0.3333333
platform,2,0,0.2,340,0,0,0.2083333
platform,2,0,1.38,320,0,0,1.366659
platform,2,2.19,0,0,0,0,0.3333333
platform,2,2.19,0,0,0,0,0.3333333
platform,2,0.19,-1,0,0,0,0
platform,2,2.19,0,0,0,0,0
platform,2,4.19,-1,0,0,0,0.1666667
platform,4,1.13,0.47,90,0,0,0
platform,4,3.13,0.47,90,0,0,0.1666667
platform,2,0.19,-0.52,345,0,0,0
platform,2,0.19,-1,0,0,0,0
platform,2,2.19,0,0,0,0,0
platform,2,4.19,-0.52,345,0,0,0.5833333
platform,2,-3.81,0,0,0,0,0.3333333
platform,2,-3.81,0,0,0,0,0
platform,2,-1.81,-1,0,0,0,0.25
platform,4,-4.87,0.47,90,0,0,0
platform,4,-2.87,0.47,90,0,0,0.08333334
platform,2,-3.81,0,0,0,0,0
platform,2,-1.81,-0.52,345,0,0,0.5833333
platform,2,-0.81,0,0,0,0,0.3333333
platform,2,-0.81,0,0,0,0,0
platform,2,-2.79,-1,0,0,0,0.1666667
platform,4,-1.87,0.47,90,0,0,0
platform,4,0.13,0.47,90,0,0,0.1666667
platform,2,-2.79,-0.52,345,0,0,0
platform,2,-0.81,0,0,0,0,0.5833333
platform,2,-1.81,0,0,0,0,0.3333333
platform,2,0.19,-1,0,0,0,0
platform,2,-1.81,0,0,0,0,0
platform,2,-3.81,-1,0,0,0,0.25
platform,4,-0.87,0.47,90,0,0,0
platform,4,-2.87,0.47,90,0,0,0.08333334
platform,2,-3.81,-0.52,345,0,0,0
platform,2,-1.81,0,0,0,0,0
platform,2,0.19,-0.52,345,0,0,0.5916748
platform,2,-0.07,0,0,0,0,0.3333333
platform,2,-0.07,0,0,0,0,0.25
platform,2,-0.07,-1.28,0,0,0,0
platform,2,1.46,-1.53,90,90,0,0
platform,2,-1.6,-1.53,90,90,0,0.3166504
platform,4,0.87,1.57,90,0,0,0
platform,4,-1.13,1.57,90,0,0,0.01668294
platform,2,1.46,-1.53,90,90,0,0
platform,2,-1.6,-1.53,90,90,0,0
platform,2,-0.07,-1.28,0,0,0,0.3333333
platform,2,-1.6,-1.53,90,90,0,0
platform,2,-0.07,-0.7,345,0,0,0
platform,2,1.46,-1.53,90,90,0,0.3333333
platform,2,-0.07,0,0,0,0,0.3333333
platform,2,-0.07,0.69,340,0,0,0.2083333
platform,2,-0.07,1.87,320,0,0,1.366659
platform,2,0,-0.49,0,0,0,0
platform,2,4,-0.49,0,0,0,0
platform,2,-4,-0.49,0,0,0,0.3333333
platform,2,4,-0.49,0,0,0,0
platform,2,-4,-0.49,0,0,0,0
platform,2,0,-0.49,0,0,0,0.3333333
platform,2,4,-0.49,0,0,0,0
platform,2,-4,-0.49,0,0,0,0
platform,2,-4,0.27,340,0,0,0
platform,2,0,-0.49,0,0,0,0.05000814
platform,7,-0.2800007,0.29,0,180,180,0
platform,7,3.59,0.29,0,180,180,0
platform,7,5.43,0.29,0,180,180,0
platform,7,4.98,0.29,0,180,180,0
platform,7,1.110001,0.29,0,180,180,0
platform,7,2.67,0.29,0,180,180,0
platform,7,-0.7299995,0.29,0,180,180,0
platform,7,0.1900005,0.29,0,180,180,0
platform,7,1.559999,0.29,0,180,180,0
platform,7,2.16,0.29,0,180,180,0
platform,7,4.51,0.29,0,180,180,0
platform,7,4.04,0.29,0,180,180,0
platform,7,-1.18,0.29,0,180,180,0
platform,7,0.6599998,0.29,0,180,180,0
platform,7,5.88,0.29,0,180,180,0
platform,7,3.14,0.29,0,180,180,0
platform,7,-1.65,0.29,0,180,180,0.06665039
platform,7,3.955,1.061,270,0,0,0
platform,7,5.802,1.061,270,0,0,0
platform,7,1.110001,1.061,270,0,0,0
platform,7,0.6599998,1.061,270,0,0,0
platform,7,4.875,1.061,270,0,0,0
platform,7,4.425,1.061,270,0,0,0
platform,7,2.584999,1.061,270,0,0,0
platform,7,-1.65,1.061,270,0,0,0
platform,7,-0.7299995,1.061,270,0,0,0
platform,7,-0.2800007,1.061,270,0,0,0
platform,7,2.115,1.061,270,0,0,0
platform,7,3.485,1.061,270,0,0,0
platform,7,3.035,1.061,270,0,0,0
platform,2,3.98,-1.21,90,0,0,0
platform,7,-1.18,1.061,270,0,0,0
platform,2,0.1599998,-1.21,90,0,0,0
platform,7,1.559999,1.061,270,0,0,0
platform,7,5.325,1.061,270,0,0,0
platform,7,0.1900005,1.061,270,0,0,0.05000814
platform,5,-4.1,2.25,90,0,0,0.1666667
platform,2,-4,-0.49,0,0,0,0
platform,2,4,-0.49,0,0,0,0
platform,2,0,-0.49,0,0,0,0
platform,5,-3.1,2.5,90,0,0,0.1666667
platform,5,-2.1,2.25,90,0,0,0.1666667
platform,2,-4,-0.49,0,0,0,0
platform,2,4,-0.49,0,0,0,0
platform,2,0,-0.49,0,0,0,0.3333333
platform,2,0,-0.49,0,0,0,0
platform,2,-4,-0.49,0,0,0,0
platform,2,4,-0.49,0,0,0,0.3333333
platform,2,0,-0.49,0,0,0,0
platform,2,4,-0.49,0,0,0,0
platform,2,-4,-0.49,0,0,0,0.3333333
platform,2,4,0.27,340,0,0,0
platform,2,4,-0.49,0,0,0,0
platform,2,0,-0.49,0,0,0,0
platform,2,-4,-0.49,0,0,0,0.05000814
platform,7,-3.940001,0.29,0,180,180,0
platform,7,-4.860001,0.29,0,180,180,0
platform,7,-5.780001,0.29,0,180,180,0
platform,7,-5.309999,0.29,0,180,180,0
platform,7,-2.57,0.29,0,180,180,0
platform,7,-0.9899998,0.29,0,180,180,0
platform,7,-1.969999,0.29,0,180,180,0
platform,7,-3.469999,0.29,0,180,180,0
platform,7,0.3799992,0.29,0,180,180,0
platform,7,1.75,0.29,0,180,180,0
platform,7,-0.09000015,0.29,0,180,180,0
platform,7,-1.459999,0.29,0,180,180,0
platform,7,1.299999,0.29,0,180,180,0
platform,7,-4.41,0.29,0,180,180,0
platform,7,0.8500004,0.29,0,180,180,0
platform,7,-0.5400009,0.29,0,180,180,0
platform,7,-3.02,0.29,0,180,180,0.06665039
platform,7,0.2999992,1.061,270,0,0,0
platform,7,-0.6499996,1.061,270,0,0,0
platform,2,-3.969999,-1.21,90,0,0,0
platform,7,0.75,1.061,270,0,0,0
platform,7,-4.41,1.061,270,0,0,0
platform,2,-0.1499996,-1.21,90,0,0,0
platform,7,-1.540001,1.061,270,0,0,0
platform,7,-4.860001,1.061,270,0,0,0
platform,7,-1.09,1.061,270,0,0,0
platform,7,-3.469999,1.061,270,0,0,0
platform,7,-2.57,1.061,270,0,0,0
platform,7,1.190001,1.061,270,0,0,0
platform,7,-5.309999,1.061,270,0,0,0
platform,7,-2.01,1.061,270,0,0,0
platform,7,1.67,1.061,270,0,0,0
platform,7,-3.02,1.061,270,0,0,0
platform,7,-3.940001,1.061,270,0,0,0
platform,7,-5.780001,1.061,270,0,0,0
platform,7,-0.1800003,1.061,270,0,0,0.05000814
platform,5,3.9,2.25,90,0,0,0.1666667
platform,2,-4,-0.49,0,0,0,0
platform,5,2.9,2.5,90,0,0,0
platform,2,0,-0.49,0,0,0,0
platform,2,4,-0.49,0,0,0,0.1666667
platform,5,1.9,2.25,90,0,0,0.1666667
platform,2,0,-0.49,0,0,0,0
platform,2,-4,-0.49,0,0,0,0
platform,2,4,-0.49,0,0,0,0.3333333
platform,2,-4,-0.49,0,0,0,0
platform,2,0,-0.49,0,0,0,0
platform,2,4,-0.49,0,0,0,0.3333333
platform,2,-4,-0.49,0,0,0,0
platform,2,0,-0.49,0,0,0,0
platform,2,4,-0.49,0,0,0,0.3333333
platform,2,4,-0.49,0,0,0,0
platform,2,-4,-0.49,0,0,0,0
platform,2,0,0.27,340,0,0,0
platform,2,0,-0.49,0,0,0,0.05000814
platform,7,4.33,0.29,0,180,180,0
platform,7,-5.690001,0.29,0,180,180,0
platform,7,-2.35,0.29,0,180,180,0
platform,7,5.719999,0.29,0,180,180,0
platform,7,3.43,0.29,0,180,180,0
platform,7,2.959999,0.29,0,180,180,0
platform,7,-4.790001,0.29,0,180,180,0
platform,7,5.27,0.29,0,180,180,0
platform,7,-3.4,0.29,0,180,180,0
platform,7,-2.950001,0.29,0,180,180,0
platform,7,4.8,0.29,0,180,180,0
platform,7,-4.32,0.29,0,180,180,0
platform,7,-3.85,0.29,0,180,180,0
platform,7,3.88,0.29,0,180,180,0
platform,7,-5.24,0.29,0,180,180,0
platform,7,2.5,0.29,0,180,180,0.06665039
platform,2,3.98,-1.21,90,0,0,0
platform,7,3.33,1.061,270,0,0,0
platform,2,-3.969999,-1.21,90,0,0,0
platform,7,-4.790001,1.061,270,0,0,0
platform,7,3.77,1.061,270,0,0,0
platform,7,-5.24,1.061,270,0,0,0
platform,7,-2.950001,1.061,270,0,0,0
platform,7,-4.32,1.061,270,0,0,0
platform,7,-3.4,1.061,270,0,0,0
platform,7,2.42,1.061,270,0,0,0
platform,7,-3.85,1.061,270,0,0,0
platform,7,2.880001,1.061,270,0,0,0
platform,7,-5.690001,1.061,270,0,0,0
platform,7,-2.389999,1.061,270,0,0,0
platform,7,5.17,1.061,270,0,0,0
platform,7,5.610001,1.061,270,0,0,0
platform,7,4.24,1.061,270,0,0,0
platform,7,4.719999,1.061,270,0,0,0.05000814
platform,5,-0.1000004,2.25,90,0,0,0.1666667
platform,2,4,-0.49,0,0,0,0
platform,2,0,-0.49,0,0,0,0
platform,5,0.8999996,2.5,90,0,0,0
platform,2,-4,-0.49,0,0,0,0.1666667
platform,5,1.9,2.25,90,0,0,0.1666667
platform,2,4,-0.49,0,0,0,0
platform,2,0,-0.49,0,0,0,0
platform,2,-4,-0.49,0,0,0,0.3333333
platform,2,0,-0.49,0,0,0,0
platform,2,4,-0.49,0,0,0,0
platform,2,-4,-0.49,0,0,0,0.3333333
platform,2,0,-0.49,0,0,0,0
platform,2,4,-0.49,0,0,0,0
platform,2,-4,-0.49,0,0,0,0.1333415
platform,7,0.3799992,0.29,0,180,180,0
platform,7,1.299999,0.29,0,180,180,0
platform,7,-4.41,0.29,0,180,180,0
platform,7,-1.969999,0.29,0,180,180,0
platform,7,-5.780001,0.29,0,180,180,0
platform,7,-3.940001,0.29,0,180,180,0
platform,7,-5.309999,0.29,0,180,180,0
platform,7,-3.469999,0.29,0,180,180,0
platform,7,-4.860001,0.29,0,180,180,0
platform,7,-0.09000015,0.29,0,180,180,0
platform,7,-1.459999,0.29,0,180,180,0
platform,7,1.75,0.29,0,180,180,0
platform,7,-0.9899998,0.29,0,180,180,0
platform,7,-3.02,0.29,0,180,180,0
platform,7,-2.57,0.29,0,180,180,0
platform,7,0.8500004,0.29,0,180,180,0
platform,7,-0.5400009,0.29,0,180,180,0.06665039
platform,7,-0.1800003,1.061,270,0,0,0
platform,2,-0.1499996,-1.21,90,0,0,0
platform,7,-3.940001,1.061,270,0,0,0
platform,7,-1.540001,1.061,270,0,0,0
platform,7,-2.57,1.061,270,0,0,0
platform,7,-3.469999,1.061,270,0,0,0
platform,7,-5.780001,1.061,270,0,0,0
platform,7,-0.6499996,1.061,270,0,0,0
platform,7,-3.02,1.061,270,0,0,0
platform,7,-1.09,1.061,270,0,0,0
platform,2,-3.969999,-1.21,90,0,0,0
platform,7,-2.01,1.061,270,0,0,0
platform,7,-4.41,1.061,270,0,0,0
platform,7,-5.309999,1.061,270,0,0,0
platform,7,0.2999992,1.061,270,0,0,0
platform,7,1.67,1.061,270,0,0,0
platform,7,1.190001,1.061,270,0,0,0
platform,7,-4.860001,1.061,270,0,0,0
platform,7,0.75,1.061,270,0,0,0.1416829
platform,2,4,-0.49,0,0,0,0.3333333
platform,2,4,0.2,340,0,0,0.2083333
platform,2,4,1.38,320,0,0,1.250814
platform,0,0,0,0,0,0,0.8916626
platform,0,2,0,0,0,0,0.8916728
platform,0,3,0,0,0,0,0.8916626
platform,0,-1,0,0,0,0,0.8916728
platform,0,1,0,0,0,0,0.8916626
platform,2,0.04,0,0,0,0,0.3333333
platform,2,0.04,0,0,0,0,0.25
platform,2,-0.5,0,0,345,0,0
platform,2,0.5,0,0,15,0,0.325002
platform,2,-1.54,0,0,345,0,0
platform,2,1.54,0,0,15,0,0.3166606
platform,2,-2.57,0,0,345,0,0
platform,2,2.57,0,0,15,0,0.325002
platform,2,3.61,0,0,15,0,0
platform,2,-3.61,0,0,345,0,0.200002
platform,2,-0.05,-3.65,0,0,0,0
platform,1,0,-3,0,0,0,0.09999593
platform,2,4.065,0,0,0,0,0
platform,2,-4.065,0,0,0,0,0.01667277
platform,7,3.626,0.75,270,0,0,0
platform,7,3.126,0.75,270,0,0,0
platform,5,0,-1.88,90,0,0,0
platform,7,4.126,0.75,270,0,0,0
platform,7,5.696,0.75,270,0,0,0
platform,7,4.636,0.75,270,0,0,0
platform,7,5.166,0.75,270,0,0,0
platform,7,2.616,0.75,270,0,0,0.08333334
platform,5,0,-0.548,90,0,0,0.08333334
platform,5,0,0.489,90,0,0,0.08333334
platform,5,0,1.093,90,0,0,0.03333537
platform,2,3.588,0,0,345,0,0
platform,2,-3.588,0,0,15,0,0.04999797
platform,5,0,1.69,90,0,0,0.08325195
platform,8,0,1.971,90,0,0,0.1917419
platform,2,2.55,0,0,345,0,0
platform,2,-2.55,0,0,15,0,0.3166707
platform,2,1.52,0,0,345,0,0
platform,2,-1.52,0,0,15,0,0.325002
platform,2,-0.48,0,0,15,0,0
platform,2,0.48,0,0,345,0,0.299998
platform,2,0.04,0,0,0,0,0.3333333
platform,2,0.04,0,0,0,0,0.3299967
platform,2,0.03,0,0,0,0,0.3333333
platform,2,0.03,0.69,340,0,0,0.2083333
platform,2,0.03,1.87,320,0,0,0.002502441
platform,7,-0.549,2.832,310,180,180,0
platform,7,1.188,2.832,310,180,180,0
platform,7,1.769,2.832,310,180,180,0
platform,7,0.607,2.832,310,180,180,0
platform,7,-1.13,2.832,310,180,180,0
platform,7,-1.711,2.832,310,180,180,0.04999797
platform,7,-1.711,3.382,310,180,180,0
platform,7,1.769,3.382,310,180,180,0
platform,7,-0.549,3.382,310,180,180,0
platform,7,1.188,3.382,310,180,180,0
platform,7,0.607,3.382,310,180,180,0
platform,7,-1.13,3.382,310,180,180,1.075836
platform,6,-2,-2,0,0,0,10
