platformPoolCount,13
definePlatformPool,Set1WoodBlock,30
definePlatformPool,Set1Spring,20
definePlatformPool,Set1Spinner,20
definePlatformPool,Set1Plank,100
definePlatformPool,Set1Wall,50
definePlatformPool,Coin,20
definePlatformPool,CoinPlus,5
definePlatformPool,Set1MovingBlock,10
definePlatformPool,Set1QuarterPlank,100
definePlatformPool,Set1MovingBlockReverse,10
definePlatformPool,Set1Spike,200
definePlatformPool,Set1EndBox,1
definePlatformPool,Set1HalfPlank,100
introPlatform,10,-1.98,3.843,2.075,270.0198,0,0,0
introPlatform,10,2.019,3.843,2.075,270.0198,0,0,0
introPlatform,3,-2,1.55,3.55,90,90,0,0
introPlatform,3,2,1.55,3.55,90,90,0,0
introPlatform,3,0,0,3.55,0,0,0,0
introPlatform,10,-1.98,3.843,4.07,270.0198,0,0,0
introPlatform,10,2.019,3.843,4.07,270.0198,0,0,0
introPlatform,10,-1.98,3.843,6.07,270.0198,0,0,0
introPlatform,10,2.019,3.843,6.07,270.0198,0,0,0
introPlatform,3,2,1.55,7.55,90,90,0,0
introPlatform,3,-2,1.55,7.55,90,90,0,0
introPlatform,3,0,0,7.72,0,0,0,0
introPlatform,10,2.019,3.843,8.07,270.0198,0,0,0
introPlatform,10,-1.98,3.843,8.07,270.0198,0,0,0
introPlatform,10,0.02,3.843,8.994,270.0198,0,0,0
introPlatform,10,-1.98,3.843,10.07,270.0198,0,0,0
introPlatform,10,2.019,3.843,10.07,270.0198,0,0,0
introPlatform,3,0,3.08,10.55,0,0,0,0
introPlatform,10,0.02,3.843,10.617,270.0198,0,0,0
introPlatform,3,0,0,11.55,0,0,0,0
introPlatform,3,2,1.55,11.55,90,90,0,0
introPlatform,3,-2,1.55,11.55,90,90,0,0
introPlatform,10,0.02,3.843,12.036,270.0198,0,0,0
introPlatform,10,-1.98,3.843,12.07,270.0198,0,0,0
introPlatform,10,2.019,3.843,12.07,270.0198,0,0,0
introPlatform,10,-1.98,3.843,14.07,270.0198,0,0,0
introPlatform,10,2.019,3.843,14.07,270.0198,0,0,0
introPlatform,3,-2,1.55,15.55,90,90,0,0
introPlatform,3,2,1.55,15.55,90,90,0,0
introPlatform,3,0,0,15.72,0,0,0,0
introPlatform,10,2.019,3.843,16.07,270.0198,0,0,0
introPlatform,10,-1.98,3.843,16.07,270.0198,0,0,0
introPlatform,10,2.019,3.843,18.07,270.0198,0,0,0
introPlatform,10,-1.98,3.843,18.07,270.0198,0,0,0
introPlatform,10,0.02,3.843,19.029,270.0198,0,0,0
introPlatform,3,0,0,19.55,0,0,0,0
introPlatform,3,2,1.55,19.55,90,90,0,0
introPlatform,3,-2,1.55,19.55,90,90,0,0
introPlatform,10,-1.98,3.843,20.07,270.0198,0,0,0
introPlatform,10,2.019,3.843,20.07,270.0198,0,0,0
introPlatform,10,0.02,3.843,20.524,270.0198,0,0,0
introPlatform,3,0,3.08,20.55,0,0,0,0
introPlatform,10,0.02,3.843,21.908,270.0198,0,0,0
introPlatform,10,-1.98,3.843,22.07,270.0198,0,0,0
introPlatform,10,2.019,3.843,22.07,270.0198,0,0,0
introPlatform,3,-2,1.55,23.55,90,90,0,0
introPlatform,3,2,1.55,23.55,90,90,0,0
introPlatform,3,0,0,23.72,0,0,0,0
introPlatform,10,2.019,3.843,24.07,270.0198,0,0,0
introPlatform,10,-1.98,3.843,24.07,270.0198,0,0,0
introPlatform,10,2.019,3.843,26.07,270.0198,0,0,0
introPlatform,10,-1.98,3.843,26.07,270.0198,0,0,0
introPlatform,3,0,0,27.55,0,0,0,0
introPlatform,3,-2,1.55,27.55,90,90,0,0
introPlatform,3,2,1.55,27.55,90,90,0,0
introPlatform,10,2.019,3.843,28.07,270.0198,0,0,0
introPlatform,10,-1.98,3.843,28.07,270.0198,0,0,0
introPlatform,10,0.02,3.843,30.07,270.0198,0,0,0
introPlatform,10,-1.98,3.843,30.07,270.0198,0,0,0
introPlatform,10,2.019,3.843,30.07,270.0198,0,0,0
introPlatform,10,0.02,3.843,31.483,270.0198,0,0,0
introPlatform,3,0,3.08,31.55,0,0,0,0
introPlatform,3,-2,1.55,31.55,90,90,0,0
introPlatform,3,2,1.55,31.55,90,90,0,0
introPlatform,3,0,0,31.72,0,0,0,0
introPlatform,10,-1.98,3.843,32.07,270.0198,0,0,0
introPlatform,10,2.019,3.843,32.07,270.0198,0,0,0
introPlatform,10,0.02,3.843,32.983,270.0198,0,0,0
introPlatform,1,0.023,0.256,34.843,0,0,0,0.6
platform,0,0,0,0,0,0,0.8833332
platform,0,1,0,0,0,0,0.8921661
platform,7,2,0,0,0,0,0.9011669
platform,3,0,0,0,0,0,0.3333333
platform,3,0,0,0,0,0,0
platform,3,-2,-1,0,0,0,0
platform,3,2,-1,0,0,0,0.2000001
platform,4,-1.059,0.47,90,0,0,0
platform,4,0.94,0.47,90,0,0,0.1333332
platform,3,0,0,0,0,0,0
platform,3,-2,-0.52,345,0,0,0
platform,3,-2,-1,0,0,0,0
platform,3,2,-0.52,345,0,0,0.22
platform,5,-2.86,1.21,90,0,0,0.08333334
platform,5,-1.96,1.611,90,0,0,0.03000005
platform,3,0,0,0,0,0,0.05333328
platform,5,-1.04,1.21,90,0,0,0.2800001
platform,3,0,0.69,340,0,0,0.2091668
platform,3,0,1.87,320,0,0,1.314166
platform,9,1.991,0,0,0,0,0.89
platform,0,-2,0,0,0,0,0.8933341
platform,7,-2.61,0,0,0,0,0.4149996
platform,4,3.1,2.7,45,270,270,0
platform,4,0.2,-0.2,45,270,270,0
platform,4,-1.3,1.2,45,270,270,0
platform,4,-2.7,2.7,45,270,270,0
platform,4,1.7,1.3,45,270,270,0.00833257
platform,3,7,4.5,45,270,180,0
platform,3,4.2,1.6,45,270,180,0
platform,3,1.4,-1.2,45,270,180,0
platform,3,-6.6,4.4,45,90,0,0
platform,3,-3.7,1.6,45,90,0,0
platform,3,-0.9,-1.2,45,90,0,0.4666672
platform,0,0.36,0,0,0,0,0.8866666
platform,9,1.991,0,0,0,0,0.9133339
platform,3,1.93,0,0,0,0,0.3333333
platform,3,3.93,-1,0,0,0,0
platform,3,1.93,0,0,0,0,0.1999995
platform,4,2.87,0.472,90,0,0,0
platform,4,0.87,0.472,90,0,0,0.1333338
platform,3,1.93,0,0,0,0,0
platform,3,3.93,-0.52,345,0,0,0.3333333
platform,3,1.93,0,0,0,0,0.3333333
platform,3,1.93,0.69,340,0,0,0.2083333
platform,3,1.93,1.87,320,0,0,1.316666
platform,7,-0.06,0,0,0,0,0.8916677
platform,0,-2,0,0,0,0,0.8941663
platform,9,1.99,0,0,0,0,0.4141668
platform,4,1.7,1.3,45,270,270,0
platform,4,-2.7,2.7,45,270,270,0
platform,4,0.2,-0.2,45,270,270,0
platform,4,3.1,2.7,45,270,270,0
platform,4,-1.3,1.2,45,270,270,0.00833257
platform,3,-0.9,-1.2,45,90,0,0
platform,3,-6.6,4.4,45,90,0,0
platform,3,1.4,-1.2,45,270,180,0
platform,3,7,4.5,45,270,180,0
platform,3,-3.7,1.6,45,90,0,0
platform,3,4.2,1.6,45,270,180,0.4666672
platform,0,0.36,0,0,0,0,0.884917
platform,7,-2.06,0,0,0,0,0.3900833
platform,4,-1.41,1.2,45,270,270,0
platform,4,-1.41,4.02,45,270,270,0
platform,4,1.41,4.02,45,270,270,0
platform,4,1.42,1.19,45,270,270,0.00833257
platform,3,-2.5,0.2,45,90,0,0
platform,3,2.5,0.2,45,270,180,0
platform,3,-2.68,5.02,45,270,180,0
platform,3,2.32,5.02,45,90,0,0.4083176
platform,3,-0.4,-1,0,0,0,0
platform,3,-0.4,0,0,0,0,0.3333333
platform,3,-0.4,-1,0,0,0,0
platform,3,-0.4,0,0,0,0,0.25
platform,3,0.3,-1,0,25,0,0
platform,3,0.3,0,0,25,0,0.3024902
platform,3,1.99,-1,0,25,0,0
platform,3,1.99,0,0,25,0,0.2625326
platform,10,3.62,1.69,290,180,180,0
platform,10,4.44,1.69,290,180,180,0
platform,10,1.142,1.69,290,180,180,0
platform,10,1.962,1.69,290,180,180,0.003336589
platform,3,2.7,-1,0,0,0,0
platform,3,2.7,0,0,0,0,0
platform,3,2.7,0.7,340,0,0,0.07999674
platform,10,1.142,2.03,290,180,180,0
platform,10,3.62,2.03,290,180,180,0
platform,10,1.962,2.03,290,180,180,0
platform,10,4.44,2.03,290,180,180,0.1841634
platform,5,2.51,2.49,90,0,0,0.1666667
platform,5,1.51,2.86,90,0,0,0.1666667
platform,5,0.51,2.49,90,0,0,0.1533203
platform,3,-1.3,0,0,0,0,0
platform,3,-1.3,-1,0,0,0,0.3333333
platform,3,-1.3,0,0,0,0,0
platform,3,-1.3,-1,0,0,0,0.2608236
platform,3,-2,0,0,335,0,0.3024902
platform,3,-3.69,0,0,335,0,0.2625326
platform,3,-4.35,0,0,0,0,0
platform,3,-4.35,0.7,340,0,0,0
platform,3,-4.35,-1,0,0,0,0.003336589
platform,10,-2.82,1.69,290,180,180,0
platform,10,-3.56,1.69,290,180,180,0
platform,10,-4.38,1.69,290,180,180,0.08333334
platform,10,-2.82,2.03,290,180,180,0
platform,10,-4.38,2.03,290,180,180,0
platform,10,-3.56,2.03,290,180,180,0.1841634
platform,5,-5.49,2.49,90,0,0,0.1666667
platform,5,-5.49,2.86,90,0,0,0.1666667
platform,5,-5.49,2.49,90,0,0,0.2508291
platform,3,-4.4,0,0,0,0,0
platform,3,-4.4,-1,0,0,0,0.3333333
platform,3,-4.4,0,0,0,0,0
platform,3,-4.4,-1,0,0,0,0.2666677
platform,3,-3.7,0,0,25,0,0
platform,3,-3.7,-1,0,25,0,0.3000005
platform,3,-2,-1,0,25,0,0
platform,3,-2,0,0,25,0,0.149999
platform,5,-0.98,0.99,90,25,0,0.1500015
platform,3,-0.3,-1,0,25,0,0
platform,3,-0.3,0,0,25,0,0
platform,5,-0.13,0.99,90,25,0,0.149999
platform,5,0.72,0.99,90,25,0,0.149999
platform,3,1.4,-1,0,25,0,0
platform,3,1.4,0,0,25,0,0.3083344
platform,3,3.102,-1,0,25,0,0
platform,3,3.102,0,0,25,0,0.2583338
platform,3,3.79,-1,0,0,0,0
platform,3,3.79,0,0,0,0,0.3333333
platform,3,3.79,0,0,0,0,0.03333282
platform,6,2.984,1.138,90,0,0,0.02499898
platform,3,3.79,0.2,340,0,0,0.1166687
platform,3,3.79,0.69,320,0,0,0.008331299
platform,10,2.972,1.748,310,180,180,0
platform,10,2.192,1.748,310,180,180,0
platform,10,3.792,1.748,310,180,180,0.05000051
platform,10,3.792,2.349,310,180,180,0
platform,10,2.972,2.349,310,180,180,0
platform,10,2.192,2.349,310,180,180,1.126668
platform,0,0,0,0,0,0,0.8333333
platform,7,0,0,0,0,0,0.8833313
platform,9,0,0,0,0,0,0.8916677
platform,7,0,0,0,0,0,0.8916677
platform,0,0,0,0,0,0,0.8916652
platform,9,-0.52,0,0,0,0,0.8916677
platform,7,0.48,0,0,0,0,0.8916652
platform,9,-0.54,0,0,0,0,0.8337021
platform,3,0,-0.49,0,45,0,0.1666667
platform,12,-0.03000069,-0.49,0,0,0,0.3333333
platform,12,-0.03000069,-0.49,0,0,0,0.2999674
platform,12,-0.8400002,-0.49,0,335,0,0
platform,12,0.5599995,-0.49,0,25,0,0.3000081
platform,12,-2.530001,-0.49,0,335,0,0
platform,12,2.25,-0.49,0,25,0,0.3000081
platform,12,3.040001,-0.49,0,0,0,0
platform,12,-3.309999,-0.49,0,0,0,0.003336589
platform,10,3.66,0.3,270.0198,0,0,0
platform,10,2.47,0.3,270.0198,0,0,0
platform,10,3.05,0.3,270.0198,0,0,0.2966715
platform,12,-2.51,-0.49,0,25,0,0
platform,12,2.280001,-0.49,0,335,0,0.3083089
platform,12,0.5900002,-0.49,0,335,0,0
platform,12,-0.8239994,-0.49,0,25,0,0.2916667
platform,12,-0.02799988,-0.49,0,0,0,0.3155009
platform,12,0.721,-0.49,0,25,0,0
platform,12,-0.679,-0.49,0,335,0,0.299998
platform,12,-2.379,-0.49,0,335,0,0
platform,12,2.421,-0.49,0,25,0,0.256663
platform,12,4.411,-0.49,0,45,0,0.04333496
platform,12,-3.179,-0.49,0,0,0,0
platform,12,3.211,-0.49,0,0,0,0.02083333
platform,10,5.481,0.3,270.0198,0,0,0.0008341472
platform,6,4.291,0.563,90,0,0,0.002502441
platform,10,3.121,0.3,270.0198,0,0,0
platform,10,2.521,0.3,270.0198,0,0,0.05832927
platform,12,4.411,-0.49,0,135,0,0.2174988
platform,12,2.421,-0.49,0,335,0,0
platform,12,-2.379,-0.49,0,25,0,0.3083394
platform,12,0.721,-0.49,0,335,0,0
platform,12,-0.679,-0.49,0,25,0,0.2916667
platform,12,0.121,-0.49,0,0,0,0.1633301
platform,8,-0.35,-0.49,0,45,0,0
platform,8,0.86,-0.49,0,45,0,0.1741664
platform,3,0.26,-0.45,0,0,0,0.3333333
platform,3,0.26,-0.45,0,0,0,0.3333333
platform,3,0.26,-0.45,0,0,0,0
platform,3,2.26,-1.45,0,0,0,0
platform,3,-1.74,-1.45,0,0,0,0.1999995
platform,4,1.16,0.02,90,0,0,0
platform,4,-0.84,0.02,90,0,0,0.1333338
platform,3,0.26,-0.45,0,0,0,0
platform,3,-1.74,-1.45,0,0,0,0
platform,3,-1.74,-0.97,345,0,0,0
platform,3,2.26,-0.97,345,0,0,0.08333334
platform,10,3.36,0.08,285,180,180,0
platform,10,3.96,0.08,285,180,180,0
platform,10,2.66,0.08,285,180,180,0.25
platform,3,0.26,-0.45,0,0,0,0.3333333
platform,3,0.26,-0.45,0,0,0,0.3333333
platform,3,0.26,-0.45,0,0,0,0.3333359
platform,3,-1.74,-1.45,0,0,0,0
platform,3,2.26,-1.45,0,0,0,0
platform,3,0.26,-0.45,0,0,0,0.1999969
platform,4,-0.84,0.02,90,0,0,0
platform,4,1.16,0.02,90,0,0,0.1333364
platform,3,0.26,-0.45,0,0,0,0
platform,3,-1.74,-0.97,345,0,0,0
platform,3,2.26,-0.97,345,0,0,0.09999593
platform,10,-2.24,0.13,285,180,180,0
platform,10,-2.84,0.13,285,180,180,0
platform,10,-3.54,0.13,285,180,180,0.2366689
platform,3,0.26,-0.45,0,0,0,0.1727498
platform,8,0.86,-0.49,0,45,0,0
platform,8,-0.35,-0.49,0,45,0,0.1555786
platform,12,0.141,-0.49,0,0,0,0.2066752
platform,12,1.06,-0.49,0,25,0,0
platform,12,-0.83,-0.49,0,335,0,0.04332479
platform,12,0.141,-0.49,0,0,0,0.2591756
platform,12,2.75,-0.49,0,25,0,0
platform,12,-2.52,-0.49,0,335,0,0.07415771
platform,12,0.141,-0.49,0,0,0,0.2258403
platform,12,4.44,-0.49,0,25,0,0
platform,12,-4.21,-0.49,0,335,0,0.1074931
platform,12,0.141,-0.49,0,0,0,0.1283366
platform,12,-6.36,-0.49,0,135,0,0.0641683
platform,12,-4.99,-0.49,0,0,0,0
platform,12,5.23,-0.49,0,0,0,0.0008341472
platform,6,-6.31,0.563,90,0,0,0.002502441
platform,10,-5.24,0.3,270.0198,0,0,0
platform,10,-7.55,0.3,270.0198,0,0,0
platform,10,-4.64,0.3,270.0198,0,0,0.004165649
platform,10,5.83,0.3,270.0198,0,0,0
platform,10,5.22,0.3,270.0198,0,0,0
platform,10,4.64,0.3,270.0198,0,0,0.05416362
platform,12,-6.36,-0.49,0,45,0,0.0791626
platform,12,0.141,-0.49,0,0,0,0.1591695
platform,12,-4.19,-0.49,0,25,0,0
platform,12,4.47,-0.49,0,335,0,0.1741638
platform,12,0.141,-0.49,0,0,0,0.1341756
platform,12,-2.51,-0.49,0,25,0,0
platform,12,2.78,-0.49,0,335,0,0.1991577
platform,12,0.141,-0.49,0,0,0,0.1033427
platform,12,1.09,-0.49,0,335,0,0
platform,12,-0.8200001,-0.49,0,25,0,0.1866658
platform,12,1.06,-0.49,0,25,0,0
platform,12,-0.83,-0.49,0,335,0,0.04332479
platform,12,0.141,-0.49,0,0,0,0.1258392
platform,5,-1.6,0.99,90,335,0,0.1333364
platform,12,2.75,-0.49,0,25,0,0
platform,12,-2.52,-0.49,0,335,0,0.07415771
platform,12,0.141,-0.49,0,0,0,0.01917013
platform,5,-2.87,0.99,90,335,0,0.2066701
platform,12,4.44,-0.49,0,25,0,0
platform,12,-4.21,-0.49,0,335,0,0.01999919
platform,5,-4.14,0.99,90,335,0,0.0874939
platform,12,0.141,-0.49,0,0,0,0.1925049
platform,12,-4.99,-0.49,0,0,0,0
platform,12,5.23,-0.49,0,0,0,0.002166748
platform,5,-4.78,0.99,90,0,0,0.00116984
platform,10,5.85,0.3,270.0198,0,0,0
platform,10,0.127,0.3,270.0198,0,0,0
platform,10,4.66,0.3,270.0198,0,0,0
platform,10,-0.453,0.3,270.0198,0,0,0
platform,10,5.24,0.3,270.0198,0,0,0
platform,10,0.737,0.3,270.0198,0,0,0.1374919
platform,12,0.141,-0.49,0,0,0,0.1577555
platform,5,-3.969,0.99,90,25,0,0.001413981
platform,12,4.47,-0.49,0,335,0,0
platform,12,-4.19,-0.49,0,25,0,0.1741638
platform,12,0.141,-0.49,0,0,0,0.0508372
platform,5,-2.7,0.99,90,25,0,0.07749939
platform,12,-2.5,-0.49,0,25,0,0
platform,12,2.78,-0.49,0,335,0,0.1491699
platform,5,-1.43,0.99,90,25,0,0.05582682
platform,12,0.141,-0.49,0,0,0,0.09666952
platform,12,1.09,-0.49,0,335,0,0.006673177
platform,12,-0.8200001,-0.49,0,25,0,0.237498
platform,12,0.15,-0.49,0,0,0,0.1708323
platform,8,0.62,-0.49,0,45,0,0
platform,8,-0.59,-0.49,0,45,0,0.1766663
platform,3,0,-0.49,0,0,0,0.3333333
platform,3,0,-0.49,0,0,0,0.3333333
platform,3,0,-0.49,0,0,0,0.3166656
platform,3,-0.01,-0.49,0,0,0,0.200002
platform,5,-0.09,1.21,90,0,0,0.1083323
platform,3,0.02,0.21,340,0,0,0.008331299
platform,5,-0.64,1.68,90,0,0,0.100001
platform,5,-1.01,2.28,90,0,0,0.1166687
platform,3,0.03,1.88,320,0,0,0.008331299
platform,5,-0.94,3.3,90,0,0,0.09916687
platform,5,-0.49,4.24,90,0,0,0.1141663
platform,6,0.48,4.89,90,0,0,1.091665
platform,0,2.03,0,0,0,0,0.8891703
platform,0,3,0,0,0,0,0.4608307
platform,4,3.700001,1.3,45,270,270,0
platform,4,0.7000008,1.2,45,270,270,0
platform,4,5.1,2.7,45,270,270,0
platform,4,-0.7000008,2.7,45,270,270,0
platform,4,2.200001,-0.2,45,270,270,0.008336385
platform,3,6.200001,1.6,45,270,180,0
platform,3,3.4,-1.2,45,270,180,0
platform,3,-1.700001,1.6,45,90,0,0
platform,3,-4.6,4.4,45,90,0,0
platform,3,1.1,-1.2,45,90,0,0
platform,3,9,4.5,45,270,180,0.4233297
platform,0,1.51,0,0,0,0,0.8983358
platform,0,2.370001,0,0,0,0,0.4199982
platform,4,1.200001,-0.2,45,270,270,0
platform,4,2.700001,1.3,45,270,270,0
platform,4,4.1,2.7,45,270,270,0.008336385
platform,3,2.4,-1.2,45,270,180,0
platform,3,5.200001,1.6,45,270,180,0
platform,3,8,4.5,45,270,180,0.4574992
platform,9,1.22,0.07,0,0,0,0.4508311
platform,4,0.7000008,1.3,45,270,270,0
platform,4,2.1,2.7,45,270,270,0
platform,4,-0.7999992,-0.2,45,270,270,0.008336385
platform,3,3.200001,1.6,45,270,180,0
platform,3,0.3999996,-1.2,45,270,180,0
platform,3,6,4.5,45,270,180,0.4308319
platform,9,0.73,0.07,0,0,0,0.8925018
platform,0,-2,0,0,0,0,0.4683329
platform,4,-4.7,2.7,45,270,270,0
platform,4,-1.799999,-0.2,45,270,270,0
platform,4,-3.3,1.2,45,270,270,0.009165446
platform,3,-5.7,1.6,45,90,0,0
platform,3,-2.9,-1.2,45,90,0,0
platform,3,-8.6,4.4,45,90,0,0.4066671
platform,7,-1.48,0.07,0,0,0,0.3341675
platform,4,1.200001,-0.2,45,270,270,0
platform,4,-1.700001,2.7,45,270,270,0
platform,4,-0.2999992,1.2,45,270,270,0.009165446
platform,3,-5.6,4.4,45,90,0,0
platform,3,-2.700001,1.6,45,90,0,0
platform,3,0.1000004,-1.2,45,90,0,0.5508321
platform,7,-0.48,0.07,0,0,0,0.4424998
platform,4,2.700001,1.3,45,270,270,0
platform,4,-0.2999992,1.2,45,270,270,0
platform,4,-1.700001,2.7,45,270,270,0
platform,4,4.1,2.7,45,270,270,0
platform,4,1.200001,-0.2,45,270,270,0.008336385
platform,3,2.4,-1.2,45,270,180,0
platform,3,-5.6,4.4,45,90,0,0
platform,3,8,4.5,45,270,180,0
platform,3,5.200001,1.6,45,270,180,0
platform,3,0.1000004,-1.2,45,90,0,0
platform,3,-2.700001,1.6,45,90,0,0.4408315
platform,0,0.8099995,0,0,0,0,0.419164
platform,4,1.57,1.3,45,270,270,0
platform,4,2.969999,2.7,45,270,270,0
platform,4,0.06999969,-0.2,45,270,270,0.008336385
platform,3,4.07,1.6,45,270,180,0
platform,3,6.870001,4.5,45,270,180,0
platform,3,1.27,-1.2,45,270,180,0.4666646
platform,9,-0.00999999,0.07,0,0,0,0.4083354
platform,4,-2.700001,2.7,45,270,270,0
platform,4,-1.299999,1.2,45,270,270,0
platform,4,0.2000008,-0.2,45,270,270,0.008331299
platform,3,-3.7,1.6,45,90,0,0
platform,3,-0.8999996,-1.2,45,90,0,0
platform,3,-6.6,4.4,45,90,0,0.4758352
platform,7,0.23,0.07,0,0,0,0.8766683
platform,9,1.99,0.07,0,0,0,0.4116669
platform,4,-1.41,1.2,45,270,270,0
platform,4,1.41,4.02,45,270,270,0
platform,4,1.42,1.19,45,270,270,0
platform,4,-1.41,4.02,45,270,270,0.008331299
platform,3,2.32,5.02,45,90,0,0
platform,3,-2.68,5.02,45,270,180,0
platform,3,2.5,0.2,45,270,180,0
platform,3,-2.5,0.2,45,90,0,0.3666687
platform,3,0,0,0,0,0,0.3333333
platform,3,0,0,0,0,0,0.05832927
platform,3,0,0.2,340,0,0,0.1166687
platform,3,0,0.69,320,0,0,0.01666768
platform,10,-1.67,1.75,310,180,180,0
platform,10,0.9200001,1.75,310,180,180,0
platform,10,1.530001,1.75,310,180,180,0
platform,10,-1.059999,1.75,310,180,180,0.04999797
platform,10,-1.059999,2.35,310,180,180,0
platform,10,0.9200001,2.35,310,180,180,0
platform,10,-1.67,2.35,310,180,180,0
platform,10,1.530001,2.35,310,180,180,1.118332
platform,3,-0.4,0,0,0,0,0
platform,3,-0.4,-1,0,0,0,0.3333333
platform,3,-0.4,0,0,0,0,0
platform,3,-0.4,-1,0,0,0,0.2591705
platform,3,-1.11,-1,0,335,0,0
platform,3,-1.11,0,0,335,0,0.3025004
platform,3,-2.8,0,0,335,0,0
platform,3,-2.8,-1,0,335,0,0.2609151
platform,3,-3.488,-1,0,0,0,0
platform,3,-3.488,0,0,0,0,0
platform,3,-3.488,0.7,340,0,0,0.001251221
platform,10,-2.834,1.69,290,180,180,0
platform,10,-3.654,1.69,290,180,180,0
platform,10,-2.094,1.69,290,180,180,0.08333334
platform,10,-3.654,2.03,290,180,180,0
platform,10,-2.094,2.03,290,180,180,0
platform,10,-2.834,2.03,290,180,180,0.1761627
platform,5,-4.44,2.49,90,0,0,0.1666667
platform,5,-3.44,2.86,90,0,0,0.1666667
platform,5,-2.44,2.49,90,0,0,0.1500041
platform,3,-0.47,0,0,0,0,0
platform,3,-0.47,-1,0,0,0,0.3333333
platform,3,-0.47,0,0,0,0,0
platform,3,-0.47,-1,0,0,0,0.2583313
platform,3,0.28,-1,0,25,0,0
platform,3,0.28,0,0,25,0,0.3025004
platform,3,1.97,0,0,25,0,0
platform,3,1.97,-1,0,25,0,0.2641653
platform,3,2.53,-1,0,0,0,0
platform,3,2.53,0,0,0,0,0
platform,3,2.53,0.7,340,0,0,0.008336385
platform,10,1.11,1.69,290,180,180,0
platform,10,1.93,1.69,290,180,180,0
platform,10,2.67,1.69,290,180,180,0.08333334
platform,10,1.11,2.03,290,180,180,0
platform,10,1.93,2.03,290,180,180,0
platform,10,2.67,2.03,290,180,180,0.1833293
platform,5,3.58,2.49,90,0,0,0.1666667
platform,5,2.58,2.86,90,0,0,0.1666667
platform,5,1.58,2.49,90,0,0,0.2666677
platform,3,-0.2,0,0,0,0,0
platform,3,-0.2,-1,0,0,0,0.3333333
platform,3,-0.2,0.2,340,0,0,0
platform,3,-0.2,0,0,0,0,0.1416677
platform,3,-0.2,0.69,320,0,0,0.008331299
platform,10,-1.76,1.763,310,180,180,0
platform,10,1.31,1.763,310,180,180,0
platform,10,-0.98,1.763,310,180,180,0
platform,10,0.53,1.763,310,180,180,0.05000305
platform,10,0.53,2.316,310,180,180,0
platform,10,1.31,2.316,310,180,180,0
platform,10,-1.76,2.316,310,180,180,0
platform,10,-0.98,2.316,310,180,180,1
platform,3,0.1599998,0.48,0,45,0,0
platform,3,0.1599998,1.48,0,45,0,0.2333323
platform,3,-2.67,0.48,0,45,0,0
platform,3,2.99,0.48,0,45,0,0
platform,3,2.99,1.48,0,45,0,0
platform,3,-2.67,1.48,0,45,0,0.2358348
platform,3,0.1599998,1.48,0,45,0,0.1524963
platform,3,-0.01000023,1.48,0,0,0,0
platform,3,-0.01000023,0.48,0,0,0,0.3333333
platform,3,-0.01000023,0.48,0,0,0,0
platform,3,-0.01000023,1.48,0,0,0,0.3333333
platform,3,-0.01000023,0.48,0,0,0,0
platform,3,-0.01000023,1.48,0,0,0,0.1725006
platform,3,0.8899994,1.48,0,45,0,0
platform,3,-0.8899994,0.48,0,45,0,0
platform,3,-0.8899994,1.48,0,45,0,0
platform,3,0.8899994,0.48,0,45,0,0.2350006
platform,3,3.719999,0.48,0,45,0,0
platform,3,3.719999,1.48,0,45,0,0
platform,3,-3.72,0.48,0,45,0,0
platform,3,-3.72,1.48,0,45,0,0.1766663
platform,3,-4.57,1.48,0,0,0,0
platform,3,-4.57,1.48,340,0,0,0
platform,3,-4.57,0.48,0,0,0,0.0008341472
platform,3,4.6,1.48,340,0,0,0
platform,3,4.6,1.48,0,0,0,0
platform,3,4.6,0.48,0,0,0,0.02333578
platform,10,3.707001,2.45,290,180,180,0
platform,10,6.207001,2.45,290,180,180,0
platform,10,2.966999,2.45,290,180,180,0
platform,10,5.476999,2.45,290,180,180,0.0625
platform,10,3.707001,2.73,290,180,180,0
platform,10,2.966999,2.73,290,180,180,0
platform,10,6.167,2.73,290,180,180,0
platform,10,5.417,2.73,290,180,180,0.001663208
platform,10,-5.3,2.73,290,180,180,0
platform,10,-6.12,2.73,290,180,180,0
platform,10,-3.01,2.73,290,180,180,0
platform,10,-3.76,2.73,290,180,180,0
platform,10,-4.51,2.73,290,180,180,0.4841665
platform,3,4.48,0.48,0,0,0,0
platform,3,4.48,1.48,0,0,0,0.1758372
platform,3,3.57,1.48,0,45,0,0
platform,3,3.57,0.48,0,45,0,0.2349955
platform,3,0.7399998,0.48,0,45,0,0
platform,3,0.7399998,1.48,0,45,0,0.2358348
platform,3,-2.09,1.48,0,45,0,0
platform,3,-2.09,0.48,0,45,0,0.1783345
platform,3,-2.98,1.48,0,0,0,0
platform,3,-2.98,0.48,0,0,0,0.2441661
platform,10,-1.59,2.21,270,0,0,0
platform,10,-2.39,2.21,270,0,0,0.08333334
platform,10,-2.39,2.21,270,0,0,0
platform,10,-1.59,2.21,270,0,0,0.005833944
platform,3,-2.98,0.48,0,0,0,0
platform,3,-2.98,1.48,0,0,0,0.07749939
platform,10,-1.59,2.21,270,0,0,0
platform,10,-2.39,2.21,270,0,0,0.255834
platform,3,-2.98,1.48,0,0,0,0
platform,3,-2.98,0.48,0,0,0,0.174998
platform,3,-2.059999,0.48,0,45,0,0
platform,3,-2.059999,1.48,0,45,0,0.07333374
platform,5,-1.139999,2.61,90,45,0,0.1616669
platform,3,0.7700005,0.48,0,45,0,0
platform,3,0.7700005,1.48,0,45,0,0.03500366
platform,5,1.219999,2.61,90,45,0,0.1766663
platform,5,3.34,2.61,90,45,0,0.02416483
platform,3,3.6,1.48,0,45,0,0
platform,3,3.6,0.48,0,45,0,0.174998
platform,3,4.42,0.48,0,0,0,0
platform,3,4.42,1.48,0,0,0,0.325002
platform,3,4.42,0.79,20,0,0,0
platform,3,4.42,-0.21,20,0,0,0.3166656
platform,3,4.42,-0.58,20,0,0,0
platform,3,4.42,-1.58,20,0,0,0.3083344
platform,3,4.42,-2.31,0,0,0,0
platform,3,4.42,-1.31,0,0,0,0.1358337
platform,10,4.02,-0.58,270,0,0,0
platform,10,3.12,-0.58,270,0,0,0.08333334
platform,10,4.02,-0.58,270,0,0,0
platform,10,3.12,-0.58,270,0,0,0.08333334
platform,10,3.12,-0.58,270,0,0,0
platform,10,4.02,-0.58,270,0,0,0.03083293
platform,3,4.42,-1.31,0,0,0,0
platform,3,4.42,-2.31,0,0,0,0.1766663
platform,3,3.5,-2.3,0,45,0,0
platform,3,3.5,-1.3,0,45,0,0.2358348
platform,3,0.67,-1.3,0,45,0,0
platform,3,0.67,-2.3,0,45,0,0.1741638
platform,3,-0.15,-2.31,0,0,0,0
platform,3,-0.15,-1.31,0,0,0,0.1766663
platform,8,0.47,-1.321,0,45,0,0
platform,8,-0.7519999,-1.321,0,45,0,0.1700033
platform,12,-0.04000092,-1.32,0,0,0,0.3333333
platform,12,-0.04000092,-1.32,0,0,0,0.2933299
platform,12,-0.8400002,-1.32,0,335,0,0.3025004
platform,12,-2.540001,-1.32,0,335,0,0.2966665
platform,12,-3.340001,-1.32,0,0,0,0.3333333
platform,12,-3.340001,-1.32,0,0,0,0.2983347
platform,12,-2.540001,-1.32,0,25,0,0.02083333
platform,5,-2.360001,-0.29,90,25,0,0.1183319
platform,5,-1.690001,-0.29,90,25,0,0.1516673
platform,5,-0.8500004,-0.29,90,25,0,0.01166789
platform,12,-0.8400002,-1.32,0,25,0,0.1391652
platform,5,0,-0.29,90,25,0,0.1516673
platform,5,0.8399982,-0.29,90,25,0,0.01083374
platform,12,0.8599987,-1.32,0,25,0,0.3016663
platform,12,1.66,-1.32,0,0,0,0.3333333
platform,12,1.66,-1.32,0,0,0,0.2975006
platform,12,0.8599987,-1.32,0,335,0,0
platform,12,2.259998,-1.32,0,25,0,0.3025004
platform,12,3.959999,-1.32,0,25,0,0
platform,12,-0.8400002,-1.32,0,335,0,0.2975006
platform,12,4.759998,-1.32,0,0,0,0.001668294
platform,12,-1.640001,-1.32,0,0,0,0.331665
platform,12,4.759998,-1.32,0,0,0,0
platform,12,4.759998,-0.41,335,0,0,0.001668294
platform,12,-1.640001,-1.32,0,0,0,0
platform,12,-1.640001,-0.41,335,0,0,0.08166504
platform,10,4.1,0.8830001,295,180,180,0
platform,10,5.4,0.8830001,295,180,180,0
platform,10,4.7,0.8830001,295,180,180,0.7074992
platform,9,-1,0,0,0,0,0
platform,7,1,0,0,0,0,0.3666687
platform,5,-2,2.5,90,0,0,0.08333334
platform,5,-1,2.5,90,0,0,0.08333334
platform,6,0,2.5,90,0,0,0.3499959
platform,7,0,0,0,0,0,0.8916677
platform,7,0,0,0,0,0,0.8916677
platform,0,0,0,0,0,0,0.7833303
platform,3,0.04999995,-1.3,0,0,0,0
platform,3,0.04999995,-2.3,0,0,0,0.1666667
platform,3,0.95,-1.3,0,45,0,0
platform,3,0.95,-2.3,0,45,0,0
platform,3,0.04999995,-1.3,0,0,0,0.2416687
platform,3,3.75,-2.3,0,45,0,0
platform,3,3.75,-1.3,0,45,0,0.008331299
platform,3,0.04999995,-1.3,0,0,0,0.2274984
platform,3,6.58,-1.3,0,45,0,0
platform,3,6.58,-2.3,0,45,0,0.105835
platform,3,0.04999995,-1.3,0,0,0,0
platform,3,0.04999995,-2.3,0,0,0,0.06667074
platform,3,7.45,-2.3,0,0,0,0
platform,3,7.45,-1.3,0,0,0,0.02500407
platform,3,7.45,-1.3,340,0,0,0.0166626
platform,10,7.45,-0.5,290,180,180,0
platform,10,5.85,-0.5,290,180,180,0
platform,10,6.65,-0.5,290,180,180,0.07500204
platform,10,6.65,-0.1,290,180,180,0
platform,10,7.45,-0.1,290,180,180,0
platform,10,5.85,-0.1,290,180,180,0.05832927
platform,10,-0.75,-0.6,270,0,0,0
platform,10,-1.55,-0.6,270,0,0,0.08333334
platform,10,-0.75,-0.6,270,0,0,0
platform,10,-1.55,-0.6,270,0,0,0.008331299
platform,3,0.04999995,-2.3,0,0,0,0
platform,3,0.04999995,-1.3,0,0,0,0.07500204
platform,10,-0.75,-0.6,270,0,0,0
platform,10,-1.55,-0.6,270,0,0,0.2583313
platform,3,0.04999995,-2.3,0,0,0,0
platform,3,0.04999995,-1.3,0,0,0,0.08333334
platform,6,7.55,-0.1,90,0,0,0
platform,0,7.55,-0.8,0,0,0,0.25
platform,3,0.04999995,-2.3,0,0,0,0
platform,3,0.04999995,-1.3,0,0,0,0.2416687
platform,10,0.75,-0.6,270,0,0,0
platform,10,1.55,-0.6,270,0,0,0.08333334
platform,10,0.75,-0.6,270,0,0,0
platform,10,1.55,-0.6,270,0,0,0.008331299
platform,3,0.04999995,-1.3,0,0,0,0
platform,3,0.04999995,-2.3,0,0,0,0.07500204
platform,10,1.55,-0.6,270,0,0,0
platform,10,0.75,-0.6,270,0,0,0.2583313
platform,3,0.04999995,-1.3,340,0,0,0
platform,3,0.04999995,-1.3,0,0,0,0
platform,3,0.04999995,-2.3,0,0,0,0.5500081
platform,3,-0.04999995,-1.3,0,0,0,0
platform,3,-0.04999995,-2.3,0,0,0,0
platform,3,-1.75,-2.6,0,0,0,0.2083333
platform,5,-2.85,-1.3,90,0,0,0.1166585
platform,3,0.04999995,-1.6,20,180,0,0
platform,3,0.04999995,-0.6,20,180,0,0.008341472
platform,3,-1.75,-1.8,20,180,0,0.04166667
platform,5,-2.85,-0.5,90,0,0,0.1666667
platform,5,-2.85,0.2,90,0,0,0.09999593
platform,3,0.04999995,-0.2,20,180,0,0
platform,3,0.04999995,0.8,20,180,0,0.008331299
platform,3,-1.75,-0.5,20,180,0,0.05833944
platform,6,-2.85,0.9,90,0,0,0.2583313
platform,3,0.04999995,0.5,0,0,0,0
platform,3,0.04999995,1.5,0,0,0,0.006663004
platform,3,-1.75,0.805,20,180,0,0.3266703
platform,3,-3.95,1.5,0,0,0,0
platform,3,-3.95,0.5,0,0,0,0
platform,3,0.04999995,0.5,0,0,0,0
platform,3,0.04999995,1.5,0,0,0,0.2658285
platform,3,-3.98,0,0,0,0,0.3333333
platform,3,-3.98,0,0,0,0,0.3333333
platform,3,-5.98,-1,0,0,0,0
platform,3,-1.98,-1,0,0,0,0
platform,3,-3.98,0,0,0,0,0.200002
platform,4,-3.04,0.47,90,0,0,0
platform,4,-5.04,0.47,90,0,0,0.1333313
platform,3,-3.98,0,0,0,0,0
platform,3,-1.98,-0.52,345,0,0,0
platform,3,-5.98,-0.52,345,0,0,0.09083048
platform,10,-7.69,0.547,285,180,180,0
platform,10,-7,0.547,285,180,180,0
platform,10,-6.41,0.547,285,180,180,0.2425029
platform,3,-3.98,0,0,0,0,0.3333333
platform,3,-3.98,0,0,0,0,0.3333333
platform,3,-3.98,0,0,0,0,0.3333333
platform,3,-1.98,-1,0,0,0,0
platform,3,-3.98,0,0,0,0,0.200002
platform,4,-3.04,0.47,90,0,0,0
platform,4,-5.04,0.47,90,0,0,0.1333313
platform,3,-1.98,-0.52,345,0,0,0
platform,3,-3.98,0,0,0,0,0.5833333
platform,3,2.02,0,0,0,0,0.3333333
platform,3,2.02,0,0,0,0,0.3333333
platform,3,0.02000046,-1,0,0,0,0
platform,3,4.02,-1,0,0,0,0
platform,3,2.02,0,0,0,0,0.200002
platform,4,0.9599991,0.47,90,0,0,0
platform,4,2.959999,0.47,90,0,0,0.1333313
platform,3,4.02,-0.52,345,0,0,0
platform,3,0.02000046,-1,0,0,0,0
platform,3,2.02,0,0,0,0,0
platform,3,0.02000046,-0.52,345,0,0,0.2508341
platform,5,4.43,1,90,0,0,0.08333334
platform,5,3.43,1,90,0,0,0.08333334
platform,5,2.43,1,90,0,0,0.08333334
platform,5,1.43,1,90,0,0,0.3133341
platform,3,-0.2399998,-1.21,0,0,0,0.3433329
platform,3,1.290001,-2.74,90,90,0,0
platform,3,-0.2399998,-2.49,0,0,0,0
platform,3,-1.77,-2.74,90,90,0,0.325002
platform,4,-1.299999,0.7599999,90,0,0,0
platform,4,0.7000008,0.7599999,90,0,0,0.0166626
platform,3,-1.77,-2.74,90,90,0,0
platform,3,1.290001,-2.74,90,90,0,0
platform,3,-0.2399998,-2.49,0,0,0,0.3424988
platform,3,-0.2399998,-1.91,345,0,0,0
platform,3,1.290001,-2.74,90,90,0,0
platform,3,-1.77,-2.74,90,90,0,0.3333333
platform,3,-0.2399998,-1.21,0,0,0,0.3416748
platform,3,-0.2399998,-0.52,340,0,0,0.125
platform,3,-0.2399998,0.66,320,0,0,0.01416016
platform,10,0.5699997,1.763,310,180,180,0
platform,10,-0.9799995,1.763,310,180,180,0
platform,10,-1.799999,1.763,310,180,180,0
platform,10,1.389999,1.763,310,180,180,0.04999797
platform,10,-0.9799995,2.32,310,180,180,0
platform,10,0.5699997,2.32,310,180,180,0
platform,10,1.389999,2.32,310,180,180,0
platform,10,-1.799999,2.32,310,180,180,1.310842
platform,3,-3.12,-0.506,0,45,0,0
platform,3,-3.12,-1.506,0,45,0,0.2333272
platform,3,-5.95,-1.506,0,45,0,0
platform,3,-0.29,-0.506,0,45,0,0
platform,3,-0.29,-1.506,0,45,0,0
platform,3,-5.95,-0.506,0,45,0,0.2333374
platform,3,-3.12,-0.506,0,45,0,0.1583354
platform,3,-3.29,-0.506,0,0,0,0
platform,3,-3.29,-1.506,0,0,0,0.1833293
platform,3,-2.39,-0.486,0,45,0,0
platform,3,-2.39,-1.486,0,45,0,0.2358297
platform,3,0.44,-1.486,0,45,0,0
platform,3,0.44,-0.486,0,45,0,0.2358398
platform,3,3.27,-1.486,0,45,0,0
platform,3,3.27,-0.486,0,45,0,0.1783345
platform,3,4.21,-0.486,0,0,0,0.01249186
platform,1,6.21,1.114,90,270,0,0
platform,3,6.71,0.414,90,90,0,0.004170736
platform,3,4.21,-1.486,0,0,0,0.008331299
platform,5,5.01,0.714,90,135,0,0.1583354
platform,3,3.21,-0.486,0,45,0,0
platform,3,3.21,-1.486,0,45,0,0.02500407
platform,5,2.91,0.714,90,135,0,0.174998
platform,5,0.81,0.714,90,135,0,0.03582764
platform,3,0.38,-0.486,0,45,0,0
platform,3,0.38,-1.486,0,45,0,0.1391703
platform,5,-1.39,0.714,90,135,0,0.09666952
platform,3,-2.45,-1.486,0,45,0,0
platform,3,-2.45,-0.486,0,45,0,0.1783345
platform,3,-3.39,-0.486,0,0,0,0
platform,3,-3.39,-1.486,0,0,0,0
platform,5,-4.69,0.714,90,135,0,0.00499471
platform,1,-5.47,1.114,90,90,0,0
platform,3,-6.07,0.414,90,90,0,0.1783345
platform,3,-2.39,-0.486,0,45,0,0
platform,3,-2.39,-1.486,0,45,0,0.03333537
platform,5,-1.89,0.714,90,45,0,0.174998
platform,5,0.11,0.714,90,45,0,0.02666219
platform,3,0.43,-0.486,0,45,0,0
platform,3,0.43,-1.486,0,45,0,0.1483358
platform,5,2.41,0.714,90,45,0,0.08750407
platform,3,3.26,-0.486,0,45,0,0
platform,3,3.26,-1.486,0,45,0,0.1708272
platform,6,5.21,0.714,90,0,0,0.007507324
platform,3,6.71,0.414,90,90,0,0
platform,1,6.21,1.114,90,270,0,0.0008341472
platform,3,4.21,-0.486,0,0,0,0.0166626
platform,3,4.21,-1.486,0,0,0,0.1500041
platform,3,3.31,-1.486,0,45,0,0
platform,3,3.31,-0.486,0,45,0,0.2358297
platform,3,0.48,-1.486,0,45,0,0
platform,3,0.48,-0.486,0,45,0,0.2358297
platform,3,-2.35,-1.486,0,45,0,0
platform,3,-2.35,-0.486,0,45,0,0.1783345
platform,3,-3.2,-0.486,0,0,0,0
platform,3,-3.2,-1.486,0,0,0,0
platform,3,-3.39,-1.486,0,0,0,0.3333333
platform,3,-3.2,-0.486,0,0,0,0.05833944
platform,3,-3.2,-0.286,340,0,0,0.1166585
platform,3,-3.22,0.214,320,0,0,0.01667277
platform,10,-1.69,1.414,310,180,180,0
platform,10,-3.19,1.414,310,180,180,0
platform,10,-2.43,1.414,310,180,180,0.04999797
platform,10,-1.69,1.914,310,180,180,0
platform,10,-3.19,1.914,310,180,180,0
platform,10,-2.43,1.914,310,180,180,1.069997
platform,7,-3,0,0,0,0,0.8883362
platform,0,-2,0,0,0,0,0.8920898
platform,9,4,0,0,0,0,0.96875
platform,3,4.4,-1,0,0,0,0
platform,3,4.4,0,0,0,0,0.3333333
platform,3,4.4,-1,0,0,0,0
platform,3,4.4,0,0,0,0,0.2666626
platform,3,3.700001,-1,0,335,0,0
platform,3,3.700001,0,0,335,0,0.299998
platform,3,2,0,0,335,0,0
platform,3,2,-1,0,335,0,0.09917196
platform,5,1.58,0.9899999,90,335,0,0.150828
platform,5,0.7299995,0.9899999,90,335,0,0.04999797
platform,3,0.2999992,0,0,335,0,0
platform,3,0.2999992,-1,0,335,0,0.1008301
platform,5,-0.1200008,0.9899999,90,335,0,0.1991781
platform,3,-1.4,-1,0,335,0,0
platform,3,-1.4,0,0,335,0,0.3049927
platform,3,-3.08,0,0,335,0,0
platform,3,-3.08,-1,0,335,0,0.2616679
platform,3,-3.77,0,0,0,0,0
platform,3,-3.77,-1,0,0,0,0.3333333
platform,3,-3.77,0,0,0,0,0.02083333
platform,6,-3.03,1.27,90,0,0,0.0375061
platform,3,-3.77,0.2,340,0,0,0.1166585
platform,3,-3.77,0.69,320,0,0,0.007507324
platform,10,-2.23,1.763,310,180,180,0
platform,10,-3.83,1.763,310,180,180,0
platform,10,-3.05,1.763,310,180,180,0.04916382
platform,10,-3.05,2.32,310,180,180,0
platform,10,-2.23,2.32,310,180,180,0
platform,10,-3.83,2.32,310,180,180,1.075836
platform,9,2,0,0,0,0,0.8924968
platform,0,-2,0,0,0,0,0.8916626
platform,7,0.01900005,0,0,0,0,1.025004
platform,3,4,-1.49,0,0,0,0
platform,3,-4,-1.49,0,0,0,0
platform,3,0,-1.49,0,0,0,0
platform,3,4,-0.49,0,0,0,0
platform,3,-4,-0.49,0,0,0,0
platform,3,0,-0.49,0,0,0,0.3333333
platform,3,-4,-1.49,0,0,0,0
platform,3,-4,-0.49,0,0,0,0
platform,3,0,-0.49,0,0,0,0
platform,3,4,-0.49,0,0,0,0
platform,3,4,-1.49,0,0,0,0.1166585
platform,5,-3.95,0.5410001,90,0,0,0.1666667
platform,5,-3.95,0.5410001,90,0,0,0.05000814
platform,3,-4,-0.49,0,0,0,0
platform,3,4,-0.49,0,0,0,0
platform,3,0,-0.49,0,0,0,0.1166585
platform,5,-3.95,0.5410001,90,0,0,0.2166748
platform,3,0,-0.49,0,0,0,0
platform,3,-4,-0.49,0,0,0,0
platform,3,4,-0.49,0,0,0,0.3333333
platform,3,4,-0.49,0,0,0,0
platform,3,0,-0.49,0,0,0,0
platform,3,-4,-0.49,0,0,0,0
platform,3,0,0.27,340,0,0,0.04999797
platform,10,2.5,0.29,0,180,180,0
platform,10,5.719999,0.29,0,180,180,0
platform,10,-4.32,0.29,0,180,180,0
platform,10,-2.95,0.29,0,180,180,0
platform,10,-2.35,0.29,0,180,180,0
platform,10,-5.24,0.29,0,180,180,0
platform,10,3.880001,0.29,0,180,180,0
platform,10,-3.4,0.29,0,180,180,0
platform,10,4.33,0.29,0,180,180,0
platform,10,-5.690001,0.29,0,180,180,0
platform,10,4.799999,0.29,0,180,180,0
platform,10,-3.85,0.29,0,180,180,0
platform,10,5.27,0.29,0,180,180,0
platform,10,3.43,0.29,0,180,180,0
platform,10,-4.79,0.29,0,180,180,0
platform,10,2.959999,0.29,0,180,180,0.06666056
platform,3,-3.97,-1.21,90,0,0,0
platform,10,3.77,1.061,270,0,0,0
platform,10,-4.32,1.061,270,0,0,0
platform,10,4.24,1.061,270,0,0,0
platform,10,2.880001,1.061,270,0,0,0
platform,10,-5.24,1.061,270,0,0,0
platform,10,4.719999,1.061,270,0,0,0
platform,10,-2.39,1.061,270,0,0,0
platform,10,5.610001,1.061,270,0,0,0
platform,10,5.17,1.061,270,0,0,0
platform,10,-3.4,1.061,270,0,0,0
platform,10,-4.79,1.061,270,0,0,0
platform,3,3.98,-1.21,90,0,0,0
platform,10,3.33,1.061,270,0,0,0
platform,10,-5.690001,1.061,270,0,0,0
platform,10,-3.85,1.061,270,0,0,0
platform,10,-2.95,1.061,270,0,0,0
platform,10,2.42,1.061,270,0,0,0.05000814
platform,5,-0.1000004,2.25,90,0,0,0.1666667
platform,5,0.8999996,2.5,90,0,0,0.1666667
platform,5,1.9,2.25,90,0,0,0.2191671
platform,0,3.1,0,0,0,0,0.4166667
platform,4,7.19,2.68,45,270,270,0
platform,4,4.29,-0.21,45,270,270,0
platform,4,5.79,1.26,45,270,270,0.008331299
platform,3,8.39,1.64,45,270,180,0
platform,3,11.19,4.47,45,270,180,0
platform,3,5.49,-1.19,45,270,180,0.4591675
platform,9,5.08,0,0,0,0,0.8908284
platform,0,-1.3,0,0,0,0,0.4750061
platform,4,-2.67,2.7,45,270,270,0
platform,4,0.2,-0.27,45,270,270,0
platform,4,-1.27,1.2,45,270,270,0.008331299
platform,3,-0.8699999,-1.2,45,90,0,0
platform,3,-6.57,4.4,45,90,0,0
platform,3,-3.67,1.6,45,90,0,0.4366659
platform,7,-1.98,0,0,0,0,0.4108276
platform,4,-0.8,1.2,45,270,270,0
platform,4,2.1,1.19,45,270,270,0
platform,4,-0.8,4.02,45,270,270,0
platform,4,2.1,4.02,45,270,270,0.008341472
platform,3,-2,5.02,45,270,180,0
platform,3,3,5.02,45,90,0,0
platform,3,3.2,0.2,45,270,180,0
platform,3,-1.8,0.2,45,90,0,0.4691671
platform,0,0,0,0,0,0,0.9449971
platform,3,-4,-0.49,0,0,0,0
platform,3,-4,-1.49,0,0,0,0
platform,3,0,-0.49,0,0,0,0
platform,3,4,-0.49,0,0,0,0
platform,3,4,-1.49,0,0,0,0
platform,3,0,-1.49,0,0,0,0.3333333
platform,3,0,-0.49,0,0,0,0
platform,3,-4,-0.49,0,0,0,0
platform,3,-4,-1.49,0,0,0,0
platform,3,4,-0.49,0,0,0,0
platform,3,4,-1.49,0,0,0,0.1166687
platform,5,4.07,0.5410001,90,0,0,0.1666667
platform,5,4.07,0.5410001,90,0,0,0.04999797
platform,3,0,-0.49,0,0,0,0
platform,3,4,-0.49,0,0,0,0
platform,3,-4,-0.49,0,0,0,0.1166687
platform,5,4.07,0.5410001,90,0,0,0.2166646
platform,3,4,-0.49,0,0,0,0
platform,3,-4,-0.49,0,0,0,0
platform,3,0,-0.49,0,0,0,0.3333333
platform,3,4,-0.49,0,0,0,0
platform,3,0,-0.49,0,0,0,0
platform,3,-4,-0.49,0,0,0,0
platform,3,0,0.27,340,0,0,0.04999797
platform,10,-4.32,0.29,0,180,180,0
platform,10,-4.79,0.29,0,180,180,0
platform,10,2.959999,0.29,0,180,180,0
platform,10,4.799999,0.29,0,180,180,0
platform,10,4.33,0.29,0,180,180,0
platform,10,-3.4,0.29,0,180,180,0
platform,10,3.43,0.29,0,180,180,0
platform,10,2.5,0.29,0,180,180,0
platform,10,-3.85,0.29,0,180,180,0
platform,10,3.880001,0.29,0,180,180,0
platform,10,-5.690001,0.29,0,180,180,0
platform,10,5.27,0.29,0,180,180,0
platform,10,-2.35,0.29,0,180,180,0
platform,10,5.719999,0.29,0,180,180,0
platform,10,-2.95,0.29,0,180,180,0
platform,10,-5.24,0.29,0,180,180,0.06667074
platform,10,4.24,1.061,270,0,0,0
platform,10,-2.39,1.061,270,0,0,0
platform,10,-5.690001,1.061,270,0,0,0
platform,10,2.880001,1.061,270,0,0,0
platform,10,-3.4,1.061,270,0,0,0
platform,10,-4.32,1.061,270,0,0,0
platform,10,2.42,1.061,270,0,0,0
platform,10,-5.24,1.061,270,0,0,0
platform,10,5.17,1.061,270,0,0,0
platform,10,-2.95,1.061,270,0,0,0
platform,10,3.33,1.061,270,0,0,0
platform,10,4.719999,1.061,270,0,0,0
platform,10,5.610001,1.061,270,0,0,0
platform,3,3.98,-1.21,90,0,0,0
platform,10,3.77,1.061,270,0,0,0
platform,10,-4.79,1.061,270,0,0,0
platform,3,-3.97,-1.21,90,0,0,0
platform,10,-3.85,1.061,270,0,0,0.04999797
platform,5,-0.1000004,2.25,90,0,0,0.1666667
platform,5,-1.1,2.5,90,0,0,0.1666667
platform,5,-2.1,2.25,90,0,0,0.2249959
platform,0,-3.1,0,0,0,0,0.4166667
platform,4,-5.27,1.2,45,270,270,0
platform,4,-6.67,2.7,45,270,270,0
platform,4,-3.8,-0.27,45,270,270,0.008341472
platform,3,-4.87,-1.2,45,90,0,0
platform,3,-7.67,1.6,45,90,0,0
platform,3,-10.57,4.4,45,90,0,0.460083
platform,7,-4.98,0,0,0,0,0.8899129
platform,0,2.7,0,0,0,0,0.4749959
platform,4,5.2,2.68,45,270,270,0
platform,4,2.3,-0.21,45,270,270,0
platform,4,3.8,1.26,45,270,270,0.008341472
platform,3,3.5,-1.19,45,270,180,0
platform,3,6.4,1.64,45,270,180,0
platform,3,9.2,4.47,45,270,180,0.4583333
platform,9,4.1,0,0,0,0,0.3833313
platform,4,-0.8,1.2,45,270,270,0
platform,4,2.1,1.19,45,270,270,0
platform,4,-0.8,4.02,45,270,270,0
platform,4,2.1,4.02,45,270,270,0.008331299
platform,3,3.2,0.2,45,270,180,0
platform,3,-1.8,0.2,45,90,0,0
platform,3,3,5.02,45,90,0,0
platform,3,-2,5.02,45,270,180,0.4749959
platform,0,0,0,0,0,0,0.5500081
platform,3,-0.28,0,0,0,0,0
platform,3,-0.28,-1,0,0,0,0.3333333
platform,3,-0.28,0,0,0,0,0
platform,3,-0.28,-1,0,0,0,0.2583313
platform,3,-0.98,0,0,335,0,0
platform,3,0.82,0,0,25,0,0
platform,3,-0.98,-1,0,335,0,0
platform,3,0.82,-1,0,25,0,0.1333313
platform,10,-0.00999999,0.72,270.0198,25,0,0.07500204
platform,10,-0.49,0.72,270,335,0,0
platform,10,0.41,0.72,270.0198,25,0,0.07500204
platform,10,-0.9100001,0.72,270,335,0,0
platform,10,0.84,0.72,270.0198,25,0,0.0166626
platform,3,-2.68,0,0,335,0,0
platform,3,2.52,-1,0,25,0,0
platform,3,2.52,0,0,25,0,0
platform,3,-2.68,-1,0,335,0,0.05832927
platform,10,1.27,0.72,270.0198,25,0,0
platform,10,-1.36,0.72,270,335,0,0.1000061
platform,5,-3.35,1.22,90,0,0,0.1083272
platform,3,-3.38,-1,0,0,0,0
platform,3,-3.38,0,0,0,0,0
platform,3,3.22,-1,0,0,0,0
platform,3,3.22,0,0,0,0,0.1416728
platform,5,-3.35,1.22,90,0,0,0.1916606
platform,3,3.22,0,0,0,0,0
platform,3,-3.38,-1,0,0,0,0
platform,3,3.22,-1,0,0,0,0
platform,3,-3.38,0,0,0,0,0.05833944
platform,5,-3.35,1.22,90,0,0,0.200002
platform,3,-4.08,-1,0,335,0,0
platform,3,3.92,0,0,25,0,0
platform,3,3.92,-1,0,25,0,0
platform,3,-4.08,0,0,335,0,0.2583313
platform,3,-4.78,-1,0,0,0,0
platform,3,4.62,-1,0,0,0,0
platform,3,-4.78,0,0,0,0,0
platform,3,4.62,0,0,0,0,0.3333333
platform,3,4.62,0,0,0,0,0
platform,3,-4.78,0,0,0,0,0.05832927
platform,3,4.62,0.2,340,0,0,0
platform,3,-4.78,0.2,340,0,0,0.1166687
platform,3,-4.78,0.69,320,0,0,0
platform,3,4.62,0.69,320,0,0,0.008331299
platform,10,-6.285,1.75,310,180,180,0
platform,10,4.87,1.75,310,180,180,0
platform,10,-5.045,1.75,310,180,180,0
platform,10,-5.665,1.75,310,180,180,0
platform,10,6.08,1.75,310,180,180,0
platform,10,5.49,1.75,310,180,180,0.04999797
platform,10,-5.665,2.35,310,180,180,0
platform,10,-5.045,2.35,310,180,180,0
platform,10,6.08,2.35,310,180,180,0
platform,10,-6.285,2.35,310,180,180,0
platform,10,5.49,2.35,310,180,180,0
platform,10,4.87,2.35,310,180,180,0.9000041
platform,3,0.04000092,0,0,0,0,0.3333333
platform,3,0.04000092,0,0,0,0,0.3333333
platform,3,0.04000092,0,0,0,0,0.25
platform,3,-0.5,0,0,345,0,0
platform,3,0.5,0,0,15,0,0.3250326
platform,3,-1.540001,0,0,345,0,0
platform,3,1.540001,0,0,15,0,0.3166504
platform,3,-2.57,0,0,345,0,0
platform,3,2.57,0,0,15,0,0.3249512
platform,3,-3.61,0,0,345,0,0
platform,3,3.610001,0,0,15,0,0.2833659
platform,1,0,-3,0,0,0,0
platform,3,-0.04999924,-3.65,0,0,0,0.01668294
platform,3,4.065001,0,0,0,0,0
platform,3,-4.065001,0,0,0,0,0.01668294
platform,10,2.615999,0.7499999,270,0,0,0
platform,10,5.695999,0.7499999,270,0,0,0
platform,10,4.636,0.7499999,270,0,0,0
platform,10,4.125999,0.7499999,270,0,0,0
platform,10,3.125999,0.7499999,270,0,0,0
platform,10,3.625999,0.7499999,270,0,0,0
platform,10,5.166,0.7499999,270,0,0,0.08333334
platform,5,0,-1.88,90,0,0,0.08333334
platform,5,0,-0.548,90,0,0,0.08333334
platform,5,0,0.489,90,0,0,0.0332845
platform,3,-3.588,0,0,15,0,0
platform,3,3.587999,0,0,345,0,0.05004883
platform,5,0,1.093,90,0,0,0.08333334
platform,5,0,1.69,90,0,0,0.08333334
platform,6,0,1.971,90,0,0,0.1083171
platform,3,-2.55,0,0,15,0,0
platform,3,2.549999,0,0,345,0,0.2499797
platform,5,0.6,1.13,90,0,0,0
platform,5,-0.36,1.13,90,0,0,0.06667074
platform,3,1.52,0,0,345,0,0
platform,3,-1.52,0,0,15,0,0.1833293
platform,5,-0.36,1.13,90,0,0,0
platform,5,0.6,1.13,90,0,0,0.1417033
platform,3,0.4799995,0,0,345,0,0
platform,3,-0.4799995,0,0,15,0,0.1082967
platform,5,0.6,1.13,90,0,0,0
platform,5,-0.36,1.13,90,0,0,0.1916707
platform,3,0.04000092,0,0,0,0,0.05832927
platform,5,0.6,1.13,90,0,0,0
platform,5,-0.36,1.13,90,0,0,0.25
platform,5,0.6,1.13,90,0,0,0
platform,5,-0.36,1.13,90,0,0,0.02500407
platform,3,0.04000092,0,0,0,0,0.2249959
platform,5,0.6,1.13,90,0,0,0
platform,5,-0.36,1.13,90,0,0,0.1083374
platform,3,0.03000069,0,0,0,0,0.1416626
platform,5,-0.36,1.13,90,0,0,0
platform,5,0.6,1.13,90,0,0,0.1916707
platform,3,0.03000069,0.69,340,0,0,0.2083333
platform,3,0.03000069,1.87,320,0,0,0.1133321
platform,6,-0.45,4.204,90,0,0,0
platform,6,0.01,4.984,90,0,0,0
platform,6,0.52,4.204,90,0,0,1.01417
platform,11,-2,-2,0,0,0,10
