platformPoolCount,9
definePlatformPool,Set1WoodBlock,30
definePlatformPool,Set1Spring,20
definePlatformPool,Set1Plank,100
definePlatformPool,Set1Spinner,20
definePlatformPool,Set1Wall,50
definePlatformPool,Coin,20
definePlatformPool,CoinPlus,5
definePlatformPool,Set1EndBox,1
definePlatformPool,Set1Spike,200
introPlatform,1,-0.01,-0.98,5.64,0,0,0,0
introPlatform,2,-0.07,-1.49,5.64,0,0,0,0
introPlatform,0,1.77,0,20.04,0,0,0,0
introPlatform,0,-0.257,0,30.7,0,0,0,0
introPlatform,0,-2.12,0,41.4,0,0,0,0.75
platform,0,-0.51,0,0,0,0,0.4166664
platform,4,-0.82,-0.21,45,270,270,0
platform,4,0.663,1.26,45,270,270,0
platform,4,-2.278,1.248,45,270,270,0
platform,4,-3.738,2.702,45,270,270,0
platform,4,2.08,2.68,45,270,270,0.008333524
platform,2,-1.91,-1.21,45,90,0,0
platform,2,3.21,1.64,45,270,180,0
platform,2,6.04,4.47,45,270,180,0
platform,2,-4.74,1.62,45,90,0,0
platform,2,-7.57,4.45,45,90,0,0
platform,2,0.38,-1.19,45,270,180,0.4583333
platform,0,0,0,0,0,0,0.8916671
platform,0,-2,0,0,0,0,0.8916664
platform,0,-1.63,0,0,0,0,0.4166667
platform,4,-1.3,1.2,45,270,270,0
platform,4,3.1,2.7,45,270,270,0
platform,4,0.2,-0.2,45,270,270,0
platform,4,-2.7,2.7,45,270,270,0
platform,4,1.7,1.3,45,270,270,0.008333206
platform,2,1.4,-1.2,45,270,180,0
platform,2,7,4.5,45,270,180,0
platform,2,-0.9,-1.2,45,90,0,0
platform,2,4.2,1.6,45,270,180,0
platform,2,-6.6,4.4,45,90,0,0
platform,2,-3.7,1.6,45,90,0,0.4666665
platform,0,0.36,0,0,0,0,0.8916671
platform,0,-2,0,0,0,0,0.8833332
platform,0,0,0,0,0,0,0.4166667
platform,4,-1.8,-0.2,45,270,270,0
platform,4,-0.3,1.3,45,270,270,0
platform,4,1.1,2.7,45,270,270,0
platform,4,-3.3,1.2,45,270,270,0
platform,4,-4.7,2.7,45,270,270,0.008333206
platform,2,2.2,1.6,45,270,180,0
platform,2,-2.9,-1.2,45,90,0,0
platform,2,-8.6,4.4,45,90,0,0
platform,2,-5.7,1.6,45,90,0,0
platform,2,-0.6,-1.2,45,270,180,0
platform,2,5,4.5,45,270,180,0.4666665
platform,0,-2,0,0,0,0,0.8916664
platform,0,-4,0,0,0,0,0.8916677
platform,0,0,0,0,0,0,0.4916662
platform,4,1.42,1.19,45,270,270,0
platform,4,-1.41,4.02,45,270,270,0
platform,4,1.41,4.02,45,270,270,0
platform,4,-1.41,1.2,45,270,270,0.00833257
platform,2,-2.68,5.02,45,270,180,0
platform,2,-2.5,0.2,45,90,0,0
platform,2,2.32,5.02,45,90,0,0
platform,2,2.5,0.2,45,270,180,0.4791667
platform,2,-0.04,0,0,0,0,0
platform,2,-0.04,-1,0,0,0,0.3333333
platform,2,-0.04,-1,0,0,0,0
platform,2,-0.04,0,0,0,0,0.2666677
platform,2,-0.74,0,0,335,0,0
platform,2,0.74,0,0,25,0,0
platform,2,-0.74,-1,0,335,0,0
platform,2,0.74,-1,0,25,0,0.2999992
platform,2,2.44,0,0,25,0,0
platform,2,2.44,-1,0,25,0,0
platform,2,-2.44,0,0,335,0,0
platform,2,-2.44,-1,0,335,0,0.3000005
platform,2,-4.14,0,0,335,0,0
platform,2,4.14,0,0,25,0,0
platform,2,4.14,-1,0,25,0,0
platform,2,-4.14,-1,0,335,0,0.2999992
platform,2,-5.84,0,0,335,0,0
platform,2,5.84,-1,0,25,0,0
platform,2,5.84,0,0,25,0,0
platform,2,-5.84,-1,0,335,0,0.2583338
platform,2,6.51,0,0,0,0,0
platform,2,-6.51,-1,0,0,0,0
platform,2,6.51,-1,0,0,0,0
platform,2,-6.51,0,0,0,0,0.3333333
platform,2,6.51,0,0,0,0,0
platform,2,-6.51,0,0,0,0,0.05833308
platform,2,-6.51,0.2,340,0,0,0
platform,2,6.51,0.2,340,0,0,0.1166674
platform,2,-6.51,0.69,320,0,0,0
platform,2,6.51,0.69,320,0,0,0.07749939
platform,5,6.5,2.92,90,0,0,0.1666667
platform,5,6.5,3.83,90,0,0,0.1666667
platform,5,6.5,4.5,90,0,0,0.1666667
platform,5,6.5,3.81,90,0,0,0.1666667
platform,5,6.5,3.019,90,0,0,0.1558329
platform,2,6.47,2,0,0,0,0
platform,2,-6.47,2,0,0,0,0
platform,2,-6.47,1,0,0,0,0
platform,2,6.47,1,0,0,0,0.3333333
platform,2,6.47,1,0,0,0,0
platform,2,6.47,2,0,0,0,0
platform,2,-6.47,2,0,0,0,0
platform,2,-6.47,1,0,0,0,0.2666677
platform,2,5.78,2,0,335,0,0
platform,2,-5.78,2,0,25,0,0
platform,2,-5.78,1,0,25,0,0
platform,2,5.78,1,0,335,0,0.2999992
platform,2,4.09,1,0,335,0,0
platform,2,-4.09,2,0,25,0,0
platform,2,4.09,2,0,335,0,0
platform,2,-4.09,1,0,25,0,0.3000005
platform,2,2.4,1,0,335,0,0
platform,2,-2.4,1,0,25,0,0
platform,2,2.4,2,0,335,0,0
platform,2,-2.4,2,0,25,0,0.2999992
platform,2,-0.71,1,0,25,0,0
platform,2,-0.71,2,0,25,0,0
platform,2,0.71,1,0,335,0,0
platform,2,0.71,2,0,335,0,0.2900009
platform,2,0,1,0,0,0,0
platform,2,0,2,0,0,0,0.3333333
platform,2,0,2,0,0,0,0.05833308
platform,2,0,2.2,340,0,0,0.1166662
platform,2,0,2.69,320,0,0,0.01683426
platform,8,-0.03,3.75,310,180,180,0
platform,8,0.594,3.75,310,180,180,0
platform,8,-0.636,3.75,310,180,180,0.04999924
platform,8,-0.636,4.35,310,180,180,0
platform,8,0.594,4.35,310,180,180,0
platform,8,-0.03,4.35,310,180,180,1.263833
platform,0,0,0,0,0,0,0.8916664
platform,0,-2,0,0,0,0,0.8916664
platform,0,1,0,0,0,0,0.8168335
platform,2,-2.8,0,0,45,0,0
platform,2,-2.8,1,0,45,0,0.2333349
platform,2,-5.7,1,0,45,0,0
platform,2,0,0,0,45,0,0
platform,2,-5.7,0,0,45,0,0
platform,2,0,1,0,45,0,0.2333323
platform,2,-2.8,1,0,45,0,0.1583328
platform,2,-3,0,0,0,0,0
platform,2,-3,1,0,0,0,0.3333333
platform,2,-3,1,0,0,0,0
platform,2,-3,0,0,0,0,0.3333333
platform,2,-3,1,0,0,0,0
platform,2,-3,0,0,0,0,0.1666667
platform,2,-2.1,1,0,45,0,0
platform,2,-2.1,0,0,45,0,0.2416662
platform,2,0.7,0,0,45,0,0
platform,2,0.7,1,0,45,0,0.2333349
platform,2,3.6,0,0,45,0,0
platform,2,3.6,1,0,45,0,0.1750005
platform,2,4.4,0,0,0,0,0
platform,2,4.4,1,0,0,0,0.2458318
platform,8,5.27,1.753,270,0,0,0
platform,8,6.073,1.753,270,0,0,0.08333334
platform,8,6.073,1.753,270,0,0,0
platform,8,5.27,1.753,270,0,0,0.004168192
platform,2,4.4,1,0,0,0,0
platform,2,4.4,0,0,0,0,0.07916514
platform,8,6.073,1.753,270,0,0,0
platform,8,5.27,1.753,270,0,0,0.2541682
platform,2,4.4,0,0,0,0,0
platform,2,4.4,1,0,0,0,0.1666667
platform,2,3.4,1,0,45,0,0
platform,2,3.4,0,0,45,0,0.1225001
platform,5,2.13,2.02,90,135,0,0.1108322
platform,2,0.6,0,0,45,0,0
platform,2,0.6,1,0,45,0,0.006665548
platform,5,0.72,2.02,90,135,0,0.1183344
platform,5,-0.7,2.02,90,135,0,0.1125005
platform,2,-2.25,0,0,45,0,0
platform,2,-2.25,1,0,45,0,0.1791662
platform,2,-3.1,0,0,0,0,0
platform,2,-3.1,1,0,0,0,0.2624995
platform,8,-3.73,1.753,270,0,0,0
platform,8,-4.64,1.753,270,0,0,0.07083384
platform,2,-3.1,1,0,0,0,0
platform,2,-3.1,0,0,0,0,0.01249949
platform,8,-4.64,1.753,270,0,0,0
platform,8,-3.73,1.753,270,0,0,0.08333334
platform,8,-3.73,1.753,270,0,0,0
platform,8,-4.64,1.753,270,0,0,0.2375005
platform,2,-3.1,0,0,0,0,0
platform,2,-3.1,1,0,0,0,0.3166656
platform,2,-3.1,-0.69,20,0,0,0
platform,2,-3.1,0.31,20,0,0,0.3166682
platform,2,-3.1,-1.06,20,0,0,0
platform,2,-3.1,-2.06,20,0,0,0.3083318
platform,2,-3.1,-2.79,0,0,0,0
platform,2,-3.1,-1.79,0,0,0,0.3333333
platform,2,-3.1,-1.79,0,0,0,0
platform,2,-3.1,-2.79,0,0,0,0.3333333
platform,2,-3.1,-1.79,0,0,0,0
platform,2,-3.1,-2.79,0,0,0,0.1775004
platform,2,-2.19,-2.79,0,45,0,0
platform,2,-2.19,-1.79,0,45,0,0.09583282
platform,5,-0.78,-0.75,90,45,0,0.1175003
platform,5,0.64,-0.75,90,45,0,0.02166748
platform,2,0.65,-2.79,0,45,0,0
platform,2,0.65,-1.79,0,45,0,0.09666697
platform,5,2.05,-0.75,90,45,0,0.1349996
platform,2,3.47,-2.79,0,45,0,0
platform,2,3.47,-1.79,0,45,0,0.1725006
platform,2,4.3,-2.79,0,0,0,0
platform,2,4.3,-1.79,0,0,0,0.2541656
platform,8,3.46,-1.045,270,0,0,0
platform,8,5.17,-1.045,270,0,0,0
platform,8,5.97,-1.045,270,0,0,0
platform,8,2.66,-1.045,270,0,0,0.07916769
platform,2,4.3,-2.79,0,0,0,0
platform,2,4.3,-1.79,0,0,0,0.004165649
platform,8,2.66,-1.045,270,0,0,0
platform,8,5.97,-1.045,270,0,0,0
platform,8,5.17,-1.045,270,0,0,0
platform,8,3.46,-1.045,270,0,0,0.08333334
platform,8,5.17,-1.045,270,0,0,0
platform,8,3.46,-1.045,270,0,0,0
platform,8,2.66,-1.045,270,0,0,0
platform,8,5.97,-1.045,270,0,0,0.2458344
platform,2,4.3,-2.79,0,0,0,0
platform,2,4.3,-1.79,0,0,0,0.1666667
platform,2,3.4,-2.79,0,45,0,0
platform,2,3.4,-1.79,0,45,0,0.1225001
platform,5,1.9,-0.783,90,135,0,0.1150004
platform,2,0.55,-2.79,0,45,0,0
platform,2,0.55,-1.79,0,45,0,0.001665751
platform,5,0.49,-0.783,90,135,0,0.1166662
platform,5,-0.93,-0.783,90,135,0,0.1191661
platform,2,-2.3,-2.79,0,45,0,0
platform,2,-2.3,-1.79,0,45,0,0.1750005
platform,2,-3.2,-1.79,0,0,0,0
platform,2,-3.2,-2.79,0,0,0,0
platform,2,-5.2,-3.07,0,0,0,0.2708333
platform,8,-4.07,-1.045,270,0,0,0
platform,8,-4.87,-1.045,270,0,0,0
platform,8,-1.56,-1.045,270,0,0,0
platform,8,-2.36,-1.045,270,0,0,0.0625
platform,2,-5.2,-3.07,0,0,0,0
platform,2,-3.2,-2.79,0,0,0,0
platform,2,-3.2,-1.79,0,0,0,0.02083333
platform,8,-4.07,-1.045,270,0,0,0
platform,8,-2.36,-1.045,270,0,0,0
platform,8,-1.56,-1.045,270,0,0,0
platform,8,-4.87,-1.045,270,0,0,0.08333334
platform,8,-4.87,-1.045,270,0,0,0
platform,8,-1.56,-1.045,270,0,0,0
platform,8,-4.07,-1.045,270,0,0,0
platform,8,-2.36,-1.045,270,0,0,0.2291667
platform,2,-3.2,-1.79,0,0,0,0
platform,2,-5.2,-3.07,0,0,0,0
platform,2,-3.2,-2.79,0,0,0,0.2058334
platform,5,-6.23,-1.783,90,0,0,0.1191661
platform,2,-3.1,-2.06,20,180,0,0
platform,2,-3.1,-1.06,20,180,0,0.008333842
platform,2,-5.1,-2.32,20,180,0,0.03916677
platform,5,-6.23,-1.001,90,0,0,0.1666667
platform,5,-6.23,-0.268,90,0,0,0.1025009
platform,2,-3.1,0.31,20,180,0,0
platform,2,-3.1,-0.69,20,180,0,0.008333842
platform,2,-5.1,-0.95,20,180,0,0.06083171
platform,6,-6.182,0.398,90,0,0,0.2143351
platform,2,-5.1,0.263,20,180,0,0.04149882
platform,2,-3.1,0,0,0,0,0
platform,2,-3.1,1,0,0,0,0.2433345
platform,8,-2.56,1.765,270,0,0,0
platform,8,-3.36,1.765,270,0,0,0.08333334
platform,8,-2.56,1.765,270,0,0,0
platform,8,-3.36,1.765,270,0,0,0.006665548
platform,2,-3.1,1,0,0,0,0
platform,2,-3.1,0,0,0,0,0.07666779
platform,8,-2.56,1.765,270,0,0,0
platform,8,-3.36,1.765,270,0,0,0.2566656
platform,2,-3.1,0,0,0,0,0
platform,2,-3.1,1,0,0,0,0.1750005
platform,2,-2.2,1,0,45,0,0
platform,2,-2.2,0,0,45,0,0.1233317
platform,5,-0.7,1.98,90,45,0,0.1166687
platform,5,0.72,1.98,90,45,0,0.001665751
platform,2,0.7,0,0,45,0,0
platform,2,0.7,1,0,45,0,0.1150004
platform,5,2.13,1.98,90,45,0,0.1183319
platform,2,3.5,1,0,45,0,0
platform,2,3.5,0,0,45,0,0.1750005
platform,2,4.3,1,0,0,0,0
platform,2,4.3,0,0,0,0,0.2516683
platform,8,2.87,1.753,270,0,0,0
platform,8,3.69,1.753,270,0,0,0.08166504
platform,2,4.3,0,0,0,0,0
platform,2,4.3,1,0,0,0,0.001668294
platform,8,3.69,1.753,270,0,0,0
platform,8,2.87,1.753,270,0,0,0.08333334
platform,8,2.87,1.753,270,0,0,0
platform,8,3.69,1.753,270,0,0,0.2483317
platform,2,4.3,1,0,0,0,0
platform,2,4.3,0,0,0,0,0.3249995
platform,2,4.3,-0.69,20,0,0,0
platform,2,4.3,0.31,20,0,0,0.3166682
platform,2,4.3,-2.06,20,0,0,0
platform,2,4.3,-1.06,20,0,0,0.3166656
platform,2,4.3,-1.79,0,0,0,0
platform,2,4.3,-2.79,0,0,0,0.3333333
platform,2,4.3,-2.79,0,0,0,0
platform,2,4.3,-1.79,0,0,0,0.3333333
platform,2,4.3,-1.79,0,0,0,0
platform,2,4.3,-2.79,0,0,0,0.1458333
platform,5,3.61,-0.76,90,135,0,0.02916718
platform,2,3.4,-1.79,0,45,0,0
platform,2,3.4,-2.79,0,45,0,0.08749899
platform,5,2.2,-0.76,90,135,0,0.1166687
platform,5,0.78,-0.76,90,135,0,0.02916463
platform,2,0.6,-1.79,0,45,0,0
platform,2,0.6,-2.79,0,45,0,0.1750005
platform,2,-0.3,-1.79,0,0,0,0
platform,2,-0.3,-2.79,0,0,0,0.3333333
platform,2,-0.3,-2.79,0,0,0,0
platform,2,-0.3,-1.79,0,0,0,0.3333333
platform,2,-0.3,-1.79,0,0,0,0
platform,2,-0.3,-2.79,0,0,0,0.3083344
platform,2,-0.303,-1.785,0,0,0,0.05833181
platform,2,-0.303,-1.585,340,0,0,0.1166687
platform,2,-0.303,-1.095,320,0,0,0.01666514
platform,8,1.179,-0.035,310,180,180,0
platform,8,-1.333,-0.035,310,180,180,0
platform,8,0.569,-0.035,310,180,180,0
platform,8,-1.943,-0.035,310,180,180,0.05000051
platform,8,0.569,0.565,310,180,180,0
platform,8,-1.943,0.565,310,180,180,0
platform,8,1.179,0.565,310,180,180,0
platform,8,-1.333,0.565,310,180,180,0.9303334
platform,0,0,0,0,0,0,0.8916677
platform,0,1,0,0,0,0,0.8916652
platform,0,3.37,0,0,0,0,0.4166667
platform,4,-0.7,2.7,45,270,270,0
platform,4,3.7,1.3,45,270,270,0
platform,4,0.7,1.2,45,270,270,0
platform,4,2.2,-0.2,45,270,270,0
platform,4,5.1,2.7,45,270,270,0.008333842
platform,2,9,4.5,45,270,180,0
platform,2,-4.6,4.4,45,90,0,0
platform,2,1.1,-1.2,45,90,0,0
platform,2,3.4,-1.2,45,270,180,0
platform,2,6.2,1.6,45,270,180,0
platform,2,-1.7,1.6,45,90,0,0.4666672
platform,0,1.36,0,0,0,0,0.8916652
platform,0,0,0,0,0,0,0.8833364
platform,0,-2,0,0,0,0,0.4166667
platform,4,-1.3,1.3,45,270,270,0
platform,4,-2.8,-0.2,45,270,270,0
platform,4,-5.7,2.7,45,270,270,0
platform,4,-4.3,1.2,45,270,270,0
platform,4,0.1,2.7,45,270,270,0.008331299
platform,2,1.2,1.6,45,270,180,0
platform,2,4,4.5,45,270,180,0
platform,2,-6.7,1.6,45,90,0,0
platform,2,-1.6,-1.2,45,270,180,0
platform,2,-9.6,4.4,45,90,0,0
platform,2,-3.9,-1.2,45,90,0,0.4666646
platform,0,-3,0,0,0,0,0.8916677
platform,0,-2,0,0,0,0,0.8916677
platform,0,0,0,0,0,0,0.4916687
platform,4,1.41,4.02,45,270,270,0
platform,4,1.42,1.19,45,270,270,0
platform,4,-1.41,4.02,45,270,270,0
platform,4,-1.41,1.2,45,270,270,0.008331299
platform,2,-2.5,0.2,45,90,0,0
platform,2,-2.68,5.02,45,270,180,0
platform,2,2.32,5.02,45,90,0,0
platform,2,2.5,0.2,45,270,180,0.3696645
platform,2,0,0,0,0,0,0.3333333
platform,2,0,0,0,0,0,0.05833435
platform,2,0,0.2,340,0,0,0.1166687
platform,2,0,0.69,320,0,0,0.01666768
platform,8,-1.03,1.75,310,180,180,0
platform,8,-1.636,1.75,310,180,180,0
platform,8,1.605,1.75,310,180,180,0
platform,8,0.999,1.75,310,180,180,0.04999797
platform,8,1.605,2.35,310,180,180,0
platform,8,-1.636,2.35,310,180,180,0
platform,8,0.999,2.35,310,180,180,0
platform,8,-1.03,2.35,310,180,180,1.066666
platform,2,-4.399,0,0,0,0,0
platform,2,-4.399,-1,0,0,0,0
platform,2,4.399,-1,0,0,0,0
platform,2,4.399,0,0,0,0,0.3333333
platform,2,4.399,-1,0,0,0,0
platform,2,4.399,0,0,0,0,0
platform,2,-4.399,-1,0,0,0,0
platform,2,-4.399,0,0,0,0,0.2491658
platform,5,-3.55,1.14,90,25,0,0.01750183
platform,2,3.71,0,0,335,0,0
platform,2,-3.71,-1,0,25,0,0
platform,2,-3.71,0,0,25,0,0
platform,2,3.71,-1,0,335,0,0.1333313
platform,5,-2.7,1.14,90,25,0,0.1508331
platform,5,-1.85,1.14,90,25,0,0.01583354
platform,2,2.02,0,0,335,0,0
platform,2,-2.02,-1,0,25,0,0
platform,2,2.02,-1,0,335,0,0
platform,2,-2.02,0,0,25,0,0.2666677
platform,2,0.51,-1,0,335,0,0
platform,2,0.51,0,0,335,0,0.03333537
platform,2,-0.33,-1,0,25,0,0
platform,2,-0.33,0,0,25,0,0.299998
platform,2,1.36,0,0,25,0,0
platform,2,1.36,-1,0,25,0,0.3083344
platform,2,3.05,0,0,25,0,0
platform,2,3.05,-1,0,25,0,0.2583313
platform,2,3.74,-1,0,0,0,0
platform,2,3.74,0,0,0,0,0.3333333
platform,2,3.74,0,0,0,0,0.05833435
platform,2,3.74,0.2,340,0,0,0.1166687
platform,2,3.74,0.69,320,0,0,0.01633199
platform,8,5.398,1.877,310,180,180,0
platform,8,4.788,1.877,310,180,180,0
platform,8,2.148,1.877,310,180,180,0
platform,8,2.758,1.877,310,180,180,0.05241903
platform,8,5.398,2.441,310,180,180,0
platform,8,2.148,2.441,310,180,180,0
platform,8,4.788,2.441,310,180,180,0
platform,8,2.758,2.441,310,180,180,1.039581
platform,2,-3.4,-1,0,45,0,0
platform,2,-3.4,0,0,45,0,0.2358348
platform,2,-6.23,0,0,45,0,0
platform,2,-0.57,-1,0,45,0,0
platform,2,-6.23,-1,0,45,0,0
platform,2,-0.57,0,0,45,0,0.2358297
platform,2,-3.4,0,0,45,0,0.1950022
platform,2,-3.6,-1,0,0,0,0
platform,2,-3.6,0,0,0,0,0.3333333
platform,2,-3.6,-1,0,0,0,0
platform,2,-3.6,0,0,0,0,0.3333333
platform,2,-3.6,0,0,0,0,0
platform,2,-3.6,-1,0,0,0,0.1666667
platform,2,-2.7,0,0,45,0,0
platform,2,-2.7,-1,0,45,0,0.2358348
platform,2,0.13,-1,0,45,0,0
platform,2,0.13,0,0,45,0,0.2358297
platform,2,2.96,0,0,45,0,0
platform,2,2.96,-1,0,45,0,0.1791687
platform,2,3.9,0,0,0,0,0.01583354
platform,1,6,1.6,90,270,0,0
platform,2,3.9,-1,0,0,0,0
platform,2,6.53,0.9,90,90,0,0.01250203
platform,5,4.73,1.2,90,135,0,0.1541646
platform,2,2.9,0,0,45,0,0
platform,2,2.9,-1,0,45,0,0.02250163
platform,5,2.61,1.2,90,135,0,0.1766663
platform,5,0.49,1.2,90,135,0,0.03666687
platform,2,0.07,-1,0,45,0,0
platform,2,0.07,0,0,45,0,0.1399994
platform,5,-1.63,1.2,90,135,0,0.09583028
platform,2,-2.76,-1,0,45,0,0
platform,2,-2.76,0,0,45,0,0.1816711
platform,2,-3.6,0,0,0,0,0
platform,2,-3.6,-1,0,0,0,0
platform,1,-5.8,1.6,90,90,0,0
platform,2,-6.35,0.9,90,90,0,0.0008290609
platform,5,-4.97,1.2,90,135,0,0.1791687
platform,2,-2.7,0,0,45,0,0
platform,2,-2.7,-1,0,45,0,0.03416443
platform,5,-2.18,1.2,90,45,0,0.1766713
platform,5,-0.06,1.2,90,45,0,0.02499898
platform,2,0.13,-1,0,45,0,0
platform,2,0.13,0,0,45,0,0.1516673
platform,5,2.06,1.2,90,45,0,0.08416239
platform,2,2.96,0,0,45,0,0
platform,2,2.96,-1,0,45,0,0.1733348
platform,6,5,1.2,90,0,0,0.001668294
platform,1,6,1.6,90,270,0,0
platform,2,6.53,0.9,90,90,0,0.0008341472
platform,2,3.9,0,0,0,0,0.01916504
platform,2,3.9,-1,0,0,0,0.1541646
platform,2,2.96,-1,0,45,0,0
platform,2,2.96,0,0,45,0,0.2358348
platform,2,0.13,0,0,45,0,0
platform,2,0.13,-1,0,45,0,0.2358348
platform,2,-2.7,0,0,45,0,0
platform,2,-2.7,-1,0,45,0,0.174998
platform,2,-3.57,-1,0,0,0,0
platform,2,-3.57,0,0,0,0,0.3350016
platform,2,-3.57,0,0,0,0,0.05833435
platform,2,-3.57,0.2,340,0,0,0.1166636
platform,2,-3.57,0.69,320,0,0,0.01666768
platform,8,-3.71,1.877,310,180,180,0
platform,8,-5.17,1.877,310,180,180,0
platform,8,-4.47,1.877,310,180,180,0.05000305
platform,8,-4.47,2.441,310,180,180,0
platform,8,-5.17,2.441,310,180,180,0
platform,8,-3.71,2.441,310,180,180,1.077637
platform,0,0,0,0,0,0,0.8916626
platform,0,-2,0,0,0,0,0.8916829
platform,0,2,0,0,0,0,0.9773152
platform,2,-0.4,-1,0,0,0,0
platform,2,-0.4,0,0,0,0,0.3333333
platform,2,-0.4,-1,0,0,0,0
platform,2,-0.4,0,0,0,0,0.25
platform,2,0.3,-1,0,25,0,0
platform,2,0.3,0,0,25,0,0.3025106
platform,2,1.99,-1,0,25,0,0
platform,2,1.99,0,0,25,0,0.2649943
platform,2,2.7,0.7,340,0,0,0
platform,2,2.7,-1,0,0,0,0
platform,2,2.7,0,0,0,0,0.2650146
platform,5,3.72,2.49,90,0,0,0.1666667
platform,5,2.72,2.86,90,0,0,0.1666667
platform,5,1.72,2.49,90,0,0,0.1533407
platform,2,-1.3,-1,0,0,0,0
platform,2,-1.3,0,0,0,0,0.3333333
platform,2,-1.3,0,0,0,0,0
platform,2,-1.3,-1,0,0,0,0.2608236
platform,2,-2,0,0,335,0,0.3025106
platform,2,-3.69,0,0,335,0,0.2616577
platform,2,-4.35,0,0,0,0,0
platform,2,-4.35,-1,0,0,0,0
platform,2,-4.35,0.7,340,0,0,0.004170736
platform,8,-3.56,1.69,290,180,180,0
platform,8,-2.82,1.69,290,180,180,0
platform,8,-4.38,1.69,290,180,180,0.08333334
platform,8,-4.38,2.03,290,180,180,0
platform,8,-2.82,2.03,290,180,180,0
platform,8,-3.56,2.03,290,180,180,0.782491
platform,2,-0.2,-1,0,0,0,0
platform,2,-0.2,0,0,0,0,0.3333333
platform,2,-0.2,0,0,0,0,0
platform,2,-0.2,0.2,340,0,0,0.1416829
platform,2,-0.2,0.69,320,0,0,0.01165771
platform,8,0.53,1.763,310,180,180,0
platform,8,-1.76,1.763,310,180,180,0
platform,8,1.31,1.763,310,180,180,0
platform,8,-0.98,1.763,310,180,180,0.04833984
platform,8,0.53,2.316,310,180,180,0
platform,8,-1.76,2.316,310,180,180,0
platform,8,1.31,2.316,310,180,180,0
platform,8,-0.98,2.316,310,180,180,1.111654
platform,0,0,0,0,0,0,0.8916829
platform,0,-2,0,0,0,0,0.8916626
platform,0,2,0,0,0,0,0.9558309
platform,2,4.399,-1,0,0,0,0
platform,2,4.399,0,0,0,0,0.3333333
platform,2,4.399,0,0,0,0,0
platform,2,4.399,-1,0,0,0,0.3350016
platform,2,4.39,0.7,340,0,0,0
platform,2,4.39,0,0,0,0,0
platform,2,4.39,-1,0,0,0,0.2666626
platform,5,5.41,2.49,90,0,0,0.1666667
platform,5,4.41,2.86,90,0,0,0.1666667
platform,5,3.41,2.49,90,0,0,0.2316691
platform,2,0.4,-1,0,0,0,0
platform,2,0.4,0,0,0,0,0.3333333
platform,2,0.4,-1,0,0,0,0
platform,2,0.4,0,0,0,0,0.3350016
platform,2,0.39,0.7,340,0,0,0
platform,2,0.39,0,0,0,0,0
platform,2,0.39,-1,0,0,0,0.001668294
platform,8,-0.45,1.67,290,180,180,0
platform,8,1.22,1.67,290,180,180,0
platform,8,-1.21,1.67,290,180,180,0
platform,8,1.98,1.67,290,180,180,0.07832845
platform,8,-0.45,2.01,290,180,180,0
platform,8,1.98,2.01,290,180,180,0
platform,8,1.22,2.01,290,180,180,0
platform,8,-1.21,2.01,290,180,180,0.8891602
platform,2,-3.08,0,0,0,0,0
platform,2,-3.08,-1,0,0,0,0.3333333
platform,2,-3.08,0,0,0,0,0.05832927
platform,2,-3.08,0.2,340,0,0,0.1166789
platform,2,-3.08,0.69,320,0,0,0.01100667
platform,8,-4.59,1.796,310,180,180,0
platform,8,-3.78,1.796,310,180,180,0
platform,8,-3.02,1.796,310,180,180,0.04998779
platform,8,-4.59,2.349,310,180,180,0
platform,8,-3.78,2.349,310,180,180,0
platform,8,-3.02,2.349,310,180,180,1.07607
platform,0,1,0,0,0,0,0.8916829
platform,0,-2,0,0,0,0,0.8916423
platform,0,3,0,0,0,0,0.4608561
platform,4,5.1,2.7,45,270,270,0
platform,4,0.7000008,1.2,45,270,270,0
platform,4,-0.7000008,2.7,45,270,270,0
platform,4,3.7,1.3,45,270,270,0
platform,4,2.200001,-0.2,45,270,270,0.008341472
platform,2,3.4,-1.2,45,270,180,0
platform,2,-4.6,4.4,45,90,0,0
platform,2,6.2,1.6,45,270,180,0
platform,2,9,4.5,45,270,180,0
platform,2,1.1,-1.2,45,90,0,0
platform,2,-1.700001,1.6,45,90,0,0.4228109
platform,0,1.51,0,0,0,0,0.8916829
platform,0,2.58,0,0,0,0,0.4271647
platform,4,1.2,-0.2,45,270,270,0
platform,4,4.1,2.7,45,270,270,0
platform,4,2.7,1.3,45,270,270,0.008341472
platform,2,5.2,1.6,45,270,180,0
platform,2,2.4,-1.2,45,270,180,0
platform,2,8,4.5,45,270,180,0.4561768
platform,0,-0.63,0,0,0,0,0.8916423
platform,0,1.360001,0,0,0,0,0.4438477
platform,4,1.2,-0.2,45,270,270,0
platform,4,-0.3,1.2,45,270,270,0
platform,4,-1.7,2.7,45,270,270,0.008341472
platform,2,-5.6,4.4,45,90,0,0
platform,2,-2.7,1.6,45,90,0,0
platform,2,0.1,-1.2,45,90,0,0.4394531
platform,0,0,0,0,0,0,0.8833821
platform,0,-2,0,0,0,0,0.4166667
platform,4,-2.799999,-0.2,45,270,270,0
platform,4,-1.299999,1.3,45,270,270,0
platform,4,0.1000004,2.7,45,270,270,0
platform,4,-4.299999,1.2,45,270,270,0
platform,4,-5.700001,2.7,45,270,270,0.008300781
platform,2,-6.700001,1.6,45,90,0,0
platform,2,-3.9,-1.2,45,90,0,0
platform,2,4,4.5,45,270,180,0
platform,2,-1.6,-1.2,45,270,180,0
platform,2,1.200001,1.6,45,270,180,0
platform,2,-9.6,4.4,45,90,0,0.4666748
platform,0,-3,0,0,0,0,0.8916423
platform,0,0,0,0,0,0,0.4188639
platform,4,0.57,1.3,45,270,270,0
platform,4,1.97,2.7,45,270,270,0
platform,4,-0.93,-0.2,45,270,270,0.008341472
platform,2,3.07,1.6,45,270,180,0
platform,2,0.27,-1.2,45,270,180,0
platform,2,5.87,4.5,45,270,180,0.4644775
platform,0,0,0,0,0,0,0.4105225
platform,4,1.2,-0.2,45,270,270,0
platform,4,-0.3,1.2,45,270,270,0
platform,4,-1.7,2.7,45,270,270,0.008341472
platform,2,0.1,-1.2,45,90,0,0
platform,2,-5.6,4.4,45,90,0,0
platform,2,-2.7,1.6,45,90,0,0.4724935
platform,0,0,0,0,0,0,0.4595846
platform,4,1.41,4.02,45,270,270,0
platform,4,-1.41,1.2,45,270,270,0
platform,4,1.42,1.19,45,270,270,0
platform,4,-1.41,4.02,45,270,270,0.008331299
platform,2,2.32,5.02,45,90,0,0
platform,2,-2.68,5.02,45,270,180,0
platform,2,-2.5,0.2,45,90,0,0
platform,2,2.5,0.2,45,270,180,0.3666687
platform,2,0,0,0,0,0,0.3333333
platform,2,0,0,0,0,0,0.05833944
platform,2,0,0.2,340,0,0,0.1166585
platform,2,0,0.69,320,0,0,0.01667277
platform,8,-0.34,1.75,310,180,180,0
platform,8,0.27,1.75,310,180,180,0.04999797
platform,8,0.27,2.35,310,180,180,0
platform,8,-0.34,2.35,310,180,180,1.099609
platform,2,0.16,0.48,0,45,0,0
platform,2,0.16,1.48,0,45,0,0.2333577
platform,2,-2.67,0.48,0,45,0,0
platform,2,2.99,1.48,0,45,0,0
platform,2,-2.67,1.48,0,45,0,0
platform,2,2.99,0.48,0,45,0,0.2357991
platform,2,0.16,1.48,0,45,0,0.1525065
platform,2,-0.01,1.48,0,0,0,0
platform,2,-0.01,0.48,0,0,0,0.3333333
platform,2,-0.01,1.48,0,0,0,0
platform,2,-0.01,0.48,0,0,0,0.3333333
platform,2,-0.01,1.48,0,0,0,0
platform,2,-0.01,0.48,0,0,0,0.172526
platform,2,-0.89,1.48,0,45,0,0
platform,2,0.89,1.48,0,45,0,0
platform,2,-0.89,0.48,0,45,0,0
platform,2,0.89,0.48,0,45,0,0.2357991
platform,2,3.72,0.48,0,45,0,0
platform,2,3.72,1.48,0,45,0,0
platform,2,-3.72,1.48,0,45,0,0
platform,2,-3.72,0.48,0,45,0,0.1758626
platform,2,-4.57,0.48,0,0,0,0
platform,2,-4.57,1.48,0,0,0,0
platform,2,-4.57,1.48,340,0,0,0.0008138021
platform,2,4.6,1.48,340,0,0,0
platform,2,4.6,1.48,0,0,0,0
platform,2,4.6,0.48,0,0,0,0.02335612
platform,8,-5.47,2.45,290,180,180,0
platform,8,-6.21,2.45,290,180,180,0
platform,8,-2.97,2.45,290,180,180,0
platform,8,-3.7,2.45,290,180,180,0.0633138
platform,8,-5.47,2.73,290,180,180,0
platform,8,-3.76,2.73,290,180,180,0
platform,8,-3.01,2.73,290,180,180,0
platform,8,-6.21,2.73,290,180,180,0.0008544922
platform,8,3.83,2.73,290,180,180,0
platform,8,5.37,2.73,290,180,180,0
platform,8,6.12,2.73,290,180,180,0
platform,8,3.01,2.73,290,180,180,0
platform,8,4.62,2.73,290,180,180,0.4841715
platform,2,-4.52,1.48,0,0,0,0
platform,2,-4.52,0.48,0,0,0,0.1758219
platform,2,-3.62,1.48,0,45,0,0
platform,2,-3.62,0.48,0,45,0,0.2358398
platform,2,-0.79,1.48,0,45,0,0
platform,2,-0.79,0.48,0,45,0,0.2357991
platform,2,2.04,1.48,0,45,0,0
platform,2,2.04,0.48,0,45,0,0.180013
platform,2,2.95,1.48,0,0,0,0
platform,2,2.95,0.48,0,0,0,0.2441813
platform,8,2.49,2.21,270,0,0,0
platform,8,1.690001,2.21,270,0,0,0.08333334
platform,8,1.690001,2.21,270,0,0,0
platform,8,2.49,2.21,270,0,0,0.005818685
platform,2,2.95,1.48,0,0,0,0
platform,2,2.95,0.48,0,0,0,0.07751465
platform,8,1.690001,2.21,270,0,0,0
platform,8,2.49,2.21,270,0,0,0.2558187
platform,2,2.95,0.48,0,0,0,0
platform,2,2.95,1.48,0,0,0,0.172526
platform,2,2.05,0.48,0,45,0,0
platform,2,2.05,1.48,0,45,0,0.1216634
platform,5,0.72,2.61,90,135,0,0.1141357
platform,2,-0.78,0.48,0,45,0,0
platform,2,-0.78,1.48,0,45,0,0.003336589
platform,5,-0.69,2.61,90,135,0,0.1183268
platform,5,-2.11,2.61,90,135,0,0.1141764
platform,2,-3.61,1.48,0,45,0,0
platform,2,-3.61,0.48,0,45,0,0.1741943
platform,2,-4.47,0.48,0,0,0,0
platform,2,-4.47,1.48,0,0,0,0.3249919
platform,2,-4.48,0.79,20,0,0,0
platform,2,-4.48,-0.21,20,0,0,0.3166504
platform,2,-4.48,-0.58,20,0,0,0
platform,2,-4.48,-1.58,20,0,0,0.3083496
platform,2,-4.49,-2.31,0,0,0,0
platform,2,-4.49,-1.31,0,0,0,0.2483317
platform,8,-3.81,-0.58,270,0,0,0
platform,8,-2.9,-0.58,270,0,0,0.08333334
platform,8,-3.81,-0.58,270,0,0,0
platform,8,-2.9,-0.58,270,0,0,0.001668294
platform,2,-4.49,-2.31,0,0,0,0
platform,2,-4.49,-1.31,0,0,0,0.08166504
platform,8,-3.81,-0.58,270,0,0,0
platform,8,-2.9,-0.58,270,0,0,0.2516683
platform,2,-4.49,-1.31,0,0,0,0
platform,2,-4.49,-2.31,0,0,0,0.1666667
platform,2,-4.48,-1.31,0,0,0,0
platform,2,-3.59,-1.31,0,45,0,0
platform,2,-3.59,-2.31,0,45,0,0.2416585
platform,2,-0.76,-1.31,0,45,0,0
platform,2,-0.76,-2.31,0,45,0,0.008341472
platform,2,-4.48,-1.31,0,0,0,0.2249756
platform,2,2.07,-2.31,0,45,0,0
platform,2,2.07,-1.31,0,45,0,0.1083577
platform,2,-4.48,-1.31,0,0,0,0
platform,2,-4.48,-2.31,0,0,0,0.06665039
platform,2,2.92,-2.31,0,0,0,0
platform,2,2.92,-1.31,0,0,0,0.02998861
platform,2,2.91,-1.31,340,0,0,0.01118978
platform,8,2.89,-0.472,290,180,180,0
platform,8,2.09,-0.472,290,180,180,0
platform,8,1.29,-0.472,290,180,180,0.07832845
platform,8,2.09,-0.132,290,180,180,0
platform,8,2.89,-0.132,290,180,180,0
platform,8,1.29,-0.132,290,180,180,0.06050618
platform,8,-5.25,-0.57,270,0,0,0
platform,8,-6.05,-0.57,270,0,0,0.08333334
platform,8,-5.25,-0.57,270,0,0,0
platform,8,-6.05,-0.57,270,0,0,0.003336589
platform,2,-4.48,-2.31,0,0,0,0
platform,2,-4.48,-1.31,0,0,0,0.07999674
platform,8,-5.25,-0.57,270,0,0,0
platform,8,-6.05,-0.57,270,0,0,0.2533366
platform,2,-4.48,-2.31,0,0,0,0
platform,2,-4.48,-1.31,0,0,0,0.08748373
platform,0,3.01,-0.83,0,0,0,0.0009358724
platform,6,3.033,-0.065,90,0,0,0.2449137
platform,2,-4.48,-1.31,0,0,0,0
platform,2,-4.48,-2.31,0,0,0,0.2416585
platform,8,-3.03,-0.57,270,0,0,0
platform,8,-3.83,-0.57,270,0,0,0.08333334
platform,8,-3.83,-0.57,270,0,0,0
platform,8,-3.03,-0.57,270,0,0,0.008341472
platform,2,-4.48,-2.31,0,0,0,0
platform,2,-4.48,-1.31,0,0,0,0.07499186
platform,8,-3.83,-0.57,270,0,0,0
platform,8,-3.03,-0.57,270,0,0,0.2600098
platform,2,-4.48,-1.31,0,0,0,0
platform,2,-4.48,-2.31,0,0,0,0
platform,2,-4.48,-1.31,340,0,0,0.5483398
platform,2,-4.57,-1.31,0,0,0,0
platform,2,-4.57,-2.31,0,0,0,0.0008138021
platform,2,-6.28,-2.6,0,0,0,0.2058105
platform,5,-7.38,-1.32,90,0,0,0.1183675
platform,2,-4.48,-1.58,20,180,0,0
platform,2,-4.48,-0.58,20,180,0,0.009155273
platform,2,-6.28,-1.85,20,180,0,0.03914388
platform,5,-7.38,-0.54,90,0,0,0.1666667
platform,5,-7.38,0.2,90,0,0,0.1016846
platform,2,-4.48,0.79,20,180,0,0
platform,2,-4.48,-0.21,20,180,0,0.009155273
platform,2,-6.28,-0.48,20,180,0,0.06087239
platform,6,-7.38,0.86,90,0,0,0.214152
platform,2,-6.28,0.73,20,180,0,0.04081218
platform,2,-4.48,1.48,0,0,0,0
platform,2,-4.48,0.48,0,0,0,0.3333333
platform,2,-4.48,1.48,0,0,0,0
platform,2,-4.48,0.48,0,0,0,0.3333333
platform,2,-4.48,0.48,0,0,0,0
platform,2,-4.48,1.48,0,0,0,0.1758626
platform,2,-3.56,1.52,0,45,0,0
platform,2,-3.56,0.52,0,45,0,0.2357991
platform,2,-0.76,1.52,0,45,0,0
platform,2,-0.76,0.52,0,45,0,0.2358398
platform,2,2.14,1.52,0,45,0,0
platform,2,2.14,0.52,0,45,0,0.1791585
platform,2,3.04,1.52,0,0,0,0.01586914
platform,2,5.64,2.42,90,90,0,0
platform,1,5.14,3.12,90,270,0,0
platform,2,3.04,0.52,0,0,0,0.01249186
platform,5,3.84,2.72,90,135,0,0.1541748
platform,2,2.04,0.52,0,45,0,0
platform,2,2.04,1.52,0,45,0,0.02250163
platform,5,1.74,2.72,90,135,0,0.1766357
platform,5,-0.36,2.72,90,135,0,0.03666179
platform,2,-0.76,0.52,0,45,0,0
platform,2,-0.76,1.52,0,45,0,0.1400146
platform,5,-2.46,2.72,90,135,0,0.0958252
platform,2,-3.66,1.52,0,45,0,0
platform,2,-3.66,0.52,0,45,0,0.1816813
platform,2,-4.46,0.52,0,0,0,0
platform,2,-4.46,1.52,0,0,0,0
platform,1,-6.66,3.12,90,90,0,0
platform,2,-7.26,2.42,90,90,0,0.0008138021
platform,5,-5.86,2.72,90,135,0,0.1791992
platform,2,-3.56,1.52,0,45,0,0
platform,2,-3.56,0.52,0,45,0,0.034139
platform,5,-3.06,2.72,90,45,0,0.1766764
platform,5,-0.96,2.72,90,45,0,0.02498372
platform,2,-0.76,1.52,0,45,0,0
platform,2,-0.76,0.52,0,45,0,0.1516927
platform,5,1.24,2.72,90,45,0,0.08414713
platform,2,2.14,0.52,0,45,0,0
platform,2,2.14,1.52,0,45,0,0.1733398
platform,6,4.14,2.72,90,0,0,0.001668294
platform,2,5.64,2.42,90,90,0,0
platform,1,5.14,3.12,90,270,0,0.0008544922
platform,2,3.04,1.52,0,0,0,0.01916504
platform,2,3.04,0.52,0,0,0,0.1541341
platform,2,2.14,1.52,0,45,0,0
platform,2,2.14,0.52,0,45,0,0.2358398
platform,2,-0.76,0.52,0,45,0,0
platform,2,-0.76,1.52,0,45,0,0.2358398
platform,2,-3.56,1.52,0,45,0,0
platform,2,-3.56,0.52,0,45,0,0.1750081
platform,2,-4.46,1.52,0,0,0,0
platform,2,-4.46,0.52,0,0,0,0.3350016
platform,2,-4.46,1.52,0,0,0,0.05830892
platform,2,-4.46,1.72,340,0,0,0.1166992
platform,2,-4.46,2.22,320,0,0,0.01664225
platform,8,-3.69,3.42,310,180,180,0
platform,8,-4.39,3.42,310,180,180,0
platform,8,-2.89,3.42,310,180,180,0.05000814
platform,8,-3.69,3.92,310,180,180,0
platform,8,-4.39,3.92,310,180,180,0
platform,8,-2.89,3.92,310,180,180,1.199097
platform,0,1,0,0,0,0,0.8916829
platform,0,-2,0,0,0,0,0.8916423
platform,0,3,0,0,0,0,0.4608561
platform,4,-0.7000008,2.7,45,270,270,0
platform,4,0.7000008,1.2,45,270,270,0
platform,4,2.200001,-0.2,45,270,270,0
platform,4,3.700001,1.3,45,270,270,0
platform,4,5.1,2.7,45,270,270,0.008341472
platform,2,6.200001,1.6,45,270,180,0
platform,2,3.4,-1.2,45,270,180,0
platform,2,9,4.5,45,270,180,0
platform,2,-1.700001,1.6,45,90,0,0
platform,2,1.1,-1.2,45,90,0,0
platform,2,-4.6,4.4,45,90,0,0.4228109
platform,0,1.51,0,0,0,0,0.4842529
platform,4,1.200001,-0.2,45,270,270,0
platform,4,4.1,2.7,45,270,270,0
platform,4,2.700001,1.3,45,270,270,0.008382161
platform,2,2.4,-1.2,45,270,180,0
platform,2,8,4.5,45,270,180,0
platform,2,5.200001,1.6,45,270,180,0.3990479
platform,0,2.58,0,0,0,0,0.3926188
platform,4,-0.2999992,1.2,45,270,270,0
platform,4,-1.700001,2.7,45,270,270,0
platform,4,1.200001,-0.2,45,270,270,0.008300781
platform,2,0.1000004,-1.2,45,90,0,0
platform,2,-5.6,4.4,45,90,0,0
platform,2,-2.700001,1.6,45,90,0,0.4907633
platform,0,-0.6299992,0,0,0,0,0.4176025
platform,4,-1.299999,1.2,45,270,270,0
platform,4,3.1,2.7,45,270,270,0
platform,4,1.700001,1.3,45,270,270,0
platform,4,0.2000008,-0.2,45,270,270,0
platform,4,-2.700001,2.7,45,270,270,0.008300781
platform,2,-3.7,1.6,45,90,0,0
platform,2,7,4.5,45,270,180,0
platform,2,4.200001,1.6,45,270,180,0
platform,2,1.4,-1.2,45,270,180,0
platform,2,-6.6,4.4,45,90,0,0
platform,2,-0.8999996,-1.2,45,90,0,0.4657389
platform,0,1.360001,0,0,0,0,0.442627
platform,4,1.200001,-0.2,45,270,270,0
platform,4,-1.700001,2.7,45,270,270,0
platform,4,-0.2999992,1.2,45,270,270,0.008300781
platform,2,-2.700001,1.6,45,90,0,0
platform,2,0.1000004,-1.2,45,90,0,0
platform,2,-5.6,4.4,45,90,0,0.4407145
platform,0,0,0,0,0,0,0.4176025
platform,4,4.1,2.7,45,270,270,0
platform,4,1.200001,-0.2,45,270,270,0
platform,4,2.700001,1.3,45,270,270,0.008382161
platform,2,2.4,-1.2,45,270,180,0
platform,2,8,4.5,45,270,180,0
platform,2,5.200001,1.6,45,270,180,0.4573975
platform,0,-2,0,0,0,0,0.4508871
platform,4,0.7,1.3,45,270,270,0
platform,4,-0.8,-0.2,45,270,270,0
platform,4,-3.7,2.7,45,270,270,0
platform,4,-2.3,1.2,45,270,270,0
platform,4,2.1,2.7,45,270,270,0.008382161
platform,2,-1.9,-1.2,45,90,0,0
platform,2,-7.6,4.4,45,90,0,0
platform,2,0.4,-1.2,45,270,180,0
platform,2,-4.7,1.6,45,90,0,0
platform,2,6,4.5,45,270,180,0
platform,2,3.2,1.6,45,270,180,0.432373
platform,0,-1,0,0,0,0,0.8916423
platform,0,0,0,0,0,0,0.8916829
platform,0,0,0,0,0,0,0.4342855
platform,4,-1.41,4.02,45,270,270,0
platform,4,-1.41,1.2,45,270,270,0
platform,4,1.41,4.02,45,270,270,0
platform,4,1.42,1.19,45,270,270,0.008300781
platform,2,2.32,5.02,45,90,0,0
platform,2,2.5,0.2,45,270,180,0
platform,2,-2.68,5.02,45,270,180,0
platform,2,-2.5,0.2,45,90,0,0.4285889
platform,0,0,0,0,0,0,0.8864339
platform,7,0,-3.04,0,0,0,10
